1.036635 0.3
1.14784 0.314037
1.27783 0.328142
1.39076 0.342316
1.505 0.356564
1.616195 0.370887
1.72342 0.38529
1.824805 0.399773
1.929165 0.414341
2.029425 0.428996
2.11822 0.443741
2.202885 0.458579
2.294525 0.473512
2.38575 0.488543
2.465185 0.503676
2.54967 0.518912
2.632555 0.534255
2.707945 0.549707
2.78241 0.565271
2.855045 0.58095
2.925485 0.596747
2.9997 0.612665
3.07028 0.628705
3.132965 0.644872
3.198715 0.661167
3.263655 0.677594
3.33035 0.694155
3.395785 0.710854
3.454505 0.727692
3.512265 0.744674
3.568075 0.7618
3.628295 0.779076
3.686685 0.796502
3.738385 0.814082
3.79034 0.83182
3.8463 0.849717
3.899235 0.867777
3.945025 0.886002
3.993335 0.904395
4.04242 0.92296
4.08958 0.941699
4.13708 0.960615
4.18258 0.979711
4.224595 0.998991
4.265665 1.01846
4.31018 1.03811
4.352965 1.05796
4.38947 1.078
4.430055 1.09824
4.46954 1.11868
4.507535 1.13932
4.545895 1.16017
4.580855 1.18123
4.616395 1.20251
4.65075 1.224
4.686365 1.24571
4.716125 1.26765
4.745615 1.28981
4.779225 1.3122
4.808495 1.33483
4.836115 1.35769
4.86608 1.38079
4.895285 1.40413
4.924425 1.42772
4.949925 1.45156
4.97172 1.47565
4.99236 1.5
