552104
550606
551632
549604
551694
551672
550508
551672
551814
550872
550374
550484
551614
551267
551251
551279
550518
551381
550683
550288
550069
551273
550176
550429
551102
550827
552154
551406
551032
550785
550749
550930
551995
553024
551966
551836
552071
551196
551825
551693
552183
551208
551430
551338
551173
551464
551024
550736
551253
550968
550390
551802
551683
551750
550542
551543
551748
551559
551945
550886
551427
550953
551308
551044
551739
552488
551596
550862
550928
550994
550589
551665
550606
550413
552475
551438
552401
550998
550320
552633
551440
552668
550637
552405
550918
550949
551156
550704
550249
549587
552151
552525
551540
551745
550243
551521
551776
552305
551257
552287
551412
550706
551775
552538
551912
550886
552319
551005
550070
550861
550990
551064
551924
550888
551294
551020
550562
549811
550339
551738
551630
550512
551766
550124
551211
550276
553675
551718
551651
551288
550846
551682
551671
552074
551830
551549
550303
552132
551776
551153
551879
550028
550559
552271
550707
552360
550519
550957
551419
551102
551355
551187
551699
551408
551183
549571
552232
551490
551199
551230
551669
551644
551535
550221
551019
551378
552283
552194
550500
552059
551313
550104
551112
550062
552086
549791
551916
552039
551243
550863
550857
550320
549999
550444
549852
551785
551293
550557
551314
551759
550675
551483
550966
551004
551556
551838
551962
551357
550871
550866
550144
551671
550461
551352
551510
551243
550438
551485
551693
552141
550445
551708
551123
551665
551718
553082
552674
552381
550792
550963
551403
551299
551269
550394
550184
551212
551772
551687
550261
551063
550713
550671
552033
550706
551827
551691
551087
551235
551603
551012
550034
552222
551844
551284
551815
551438
551593
551404
549439
550853
551672
549355
550160
551530
551209
550898
550264
551383
550308
551242
551106
551479
551129
551451
550829
551911
551431
550907
550724
550665
552604
550905
550849
550927
551261
552083
551237
550808
551050
551301
551553
551976
552705
551639
552014
550728
551212
549638
550886
550235
551073
550909
551644
550771
551516
550473
551008
551882
550744
551713
551266
551275
550941
551684
551097
551149
550499
552503
550554
551135
550470
550951
551856
550105
552117
551914
552291
551769
550207
551485
551476
551300
551452
550582
551115
550556
551703
551540
551656
551207
551505
551452
552113
551551
551233
551264
551313
551536
551324
551072
551606
551387
551135
552063
551850
550784
550175
551110
551516
550885
552313
551009
550316
552599
550139
550617
551178
552416
552317
551191
552862
551153
551435
551567
551865
550990
551966
550594
550672
552509
550901
551799
552147
551305
551468
551723
551656
552289
551240
551079
551367
551402
550571
551213
551312
550644
550386
551024
552102
551621
551420
551024
551076
551367
551246
550536
550468
552027
551644
551307
552155
550813
550650
550614
551241
550760
551250
551108
551728
551398
552070
551546
551808
552071
551328
550405
550914
551516
552511
551658
551158
551852
551347
552694
552660
551017
551046
551473
552028
551344
551090
552166
551920
550545
550936
552038
550705
550478
551480
550487
550720
551714
551233
552090
551094
550046
551749
552309
550871
550478
551537
550866
551803
550590
551088
551671
552103
552315
550360
552556
551069
551210
551689
550716
550863
551336
550985
550676
550947
551242
551700
551179
551590
551443
551543
551060
550704
552277
551203
551222
551643
551386
551160
551806
550619
550396
550611
550522
549960
550949
551231
551298
550230
550744
551318
551549
550240
551448
551218
550357
551173
550738
552053
551663
551169
551342
551402
551717
551306
551624
552205
550485
551252
550579
551566
550765
551520
550692
551070
551218
552002
550770
552178
551150
552118
549779
551662
551801
551317
551381
550183
550591
551444
550818
551331
551656
552593
550132
551600
551899
551829
553197
551389
552040
551604
551483
552195
552504
551276
551542
552046
550794
551634
550676
551228
552152
551555
551630
551698
551960
552614
551114
551734
551196
550575
551081
550677
550382
551448
550033
551757
550972
551572
551725
550166
551256
550859
551134
550711
550158
551939
550270
551816
551153
550657
551262
551429
552316
551531
550882
550921
551362
551027
551538
550746
551444
551098
551413
551699
551326
551082
552377
551262
551853
551685
551313
551650
551496
551721
551119
552157
551365
551260
551271
552296
551379
550213
550337
551923
551959
551951
550514
551172
550070
551802
551675
551074
551574
551456
551753
551888
551601
550748
550280
550981
551641
551138
552376
552391
551445
550359
551829
552040
551583
549717
553198
550867
550723
551117
551187
550994
550720
552318
552078
550237
551483
551637
551512
551541
552513
550277
551626
550729
551972
551905
551589
552587
550863
551188
551243
551308
550230
551474
552336
552785
550905
551364
550840
551386
551165
552159
551550
550918
551478
551420
550935
551565
552417
551890
550761
551719
551591
550789
550283
551878
550513
551800
551726
551820
552295
551862
551276
551407
551347
552967
551807
552753
551282
552134
552499
551682
552050
551322
551252
551704
550462
552124
550957
552273
551644
551296
551457
551585
550890
551383
550228
551362
551594
551680
550356
552365
551274
551800
551292
551043
551402
550262
550736
551512
550735
551951
552603
552118
550551
550951
550860
552043
551887
551447
551488
551765
550605
550840
551112
551192
551420
551294
549923
551646
550947
550699
550402
551705
551459
551392
550484
550686
552575
552157
551744
550718
551688
551833
550557
550799
552170
552290
551517
552644
552062
552177
551333
551059
551966
551504
550380
551197
551363
550204
550444
551037
551649
550736
552759
551963
552062
550668
551241
551496
551624
550984
550502
551559
551295
551305
551233
551178
551146
551274
550194
550468
550991
552854
550385
551560
551366
551980
551777
552070
551759
551262
552399
552126
551241
550746
551061
550651
551674
550873
551256
551469
550285
550844
551642
551066
551263
551937
550142
550872
552096
551026
551538
550019
551714
550102
551403
550797
551796
550574
550660
552452
551447
552617
549774
550345
552121
550316
551804
550494
550988
551789
551286
551196
550719
551493
551591
551214
551798
550127
551313
551465
551415
551142
551079
550730
550849
550165
550458
551190
551854
550998
551430
551340
551302
551188
551161
551038
551618
552046
551475
551330
550628
550705
551058
550794
551540
551619
551264
551104
551819
551192
552332
552861
550835
550837
551369
550979
550087
551993
550454
550488
550736
551565
552676
551584
551566
551037
551223
551613
551376
550242
551300
550810
550700
551673
552243
550750
551019
551099
552249
550705
551824
551250
550849
550828
550769
550743
551008
551331
551139
551049
551072
551922
551082
550060
551133
552089
552016
551226
551674
551420
551223
551744
552429
551943
551771
551045
551639
551836
550490
550812
550445
551250
551755
551822
551519
551246
551153
550726
551964
549927
550909
552496
551881
551570
551206
551117
551682
551079
552574
550969
551355
550776
551298
552139
551676
551802
550330
550081
551993
551926
551418
551303
550810
551566
551583
551371
551842
551984
552053
