1	1
2	0.981428
3	0.962964
4	0.868193
5	0.896203
6	0.885174
7	0.866821
8	0.897426
9	0.856737
10	0.882024
11	0.805789
12	0.790013
13	0.682573
14	0.693736
15	0.638836
16	0.558395
17	0.483189
18	0.401323
19	0.314513
20	0.25373
21	0.201884
22	0.133946
23	0.10376
24	0.07782
25	0.0532167
26	0.0453498
27	0.0312913
28	0.0220846
29	0.0167324
30	0.0117921
31	0.00844034
32	0.00690956
33	0.00447149
34	0.00327894
35	0.00232837
36	0.00167784
37	0.00112195
38	0.00106123
39	0.00073303
40	0.000563879
41	0.000441506
42	0.000372794
43	0.000376845
44	0.000322445
45	0.000266554
46	0.000262886
47	0.000239847
48	0.000241457
49	0.000225993
50	0.000228072
51	0.000215301
52	0.000208422
53	0.000203885
54	0.000200874
55	0.000196159
56	0.000191415
57	0.000188517
58	0.000185314
59	0.000182186
60	0.000179415
61	0.000176349
62	0.000173604
63	0.000171021
64	0.000169269
65	0.00016586
66	0.000164768
67	0.00016099
68	0.000158757
69	0.000157045
70	0.000154573
71	0.000152547
72	0.000150594
73	0.000148573
74	0.000146743
75	0.000144849
76	0.000143049
77	0.000141341
78	0.000139583
79	0.000137956
80	0.000136299
81	0.000134705
82	0.00013321
83	0.000131667
84	0.00013019
85	0.000129303
86	0.000127125
87	0.000127082
88	0.000125459
89	0.000124118
90	0.000122005
91	0.000122018
92	0.000120302
93	0.000119241
94	0.000117307
95	0.00011565
96	0.000114365
97	0.000113382
98	0.000112275
99	0.000111014
100	0.000110017
101	0.00010908
102	0.000108018
103	0.000107012
104	0.000106076
105	0.000105137
106	0.000104194
107	0.000103271
108	0.000102391
109	0.000101523
110	0.000100635
111	9.9785e-05
112	9.89384e-05
113	9.81197e-05
114	9.73116e-05
115	9.65282e-05
116	9.57248e-05
117	9.49603e-05
118	9.41606e-05
119	9.34533e-05
120	9.2747e-05
121	9.19799e-05
122	9.12698e-05
123	9.05715e-05
124	8.98438e-05
125	8.91669e-05
126	8.85105e-05
127	8.78546e-05
128	8.71976e-05
129	8.6569e-05
130	8.59282e-05
131	8.53093e-05
132	8.46733e-05
133	8.40654e-05
134	8.34752e-05
135	8.28863e-05
136	8.23238e-05
137	8.17256e-05
138	8.11643e-05
139	8.05876e-05
140	8.00554e-05
141	7.95052e-05
142	7.89527e-05
143	7.84221e-05
144	7.78975e-05
145	7.73901e-05
146	7.69104e-05
147	7.63657e-05
148	7.58784e-05
149	7.53629e-05
150	7.48778e-05
151	7.43931e-05
152	7.3925e-05
153	7.34621e-05
154	7.29886e-05
155	7.24912e-05
156	7.20903e-05
157	7.16336e-05
158	7.1151e-05
159	7.07365e-05
160	7.02961e-05
161	6.98565e-05
162	6.94606e-05
163	6.9019e-05
164	6.86129e-05
165	6.81788e-05
166	6.77597e-05
167	6.74206e-05
168	6.70549e-05
169	6.65501e-05
170	6.61987e-05
171	6.58771e-05
172	6.54246e-05
173	6.50637e-05
174	6.47059e-05
175	6.43044e-05
176	6.39842e-05
177	6.35981e-05
178	6.32653e-05
179	6.28706e-05
180	6.25607e-05
181	6.21891e-05
182	6.1789e-05
183	6.1518e-05
184	6.11795e-05
185	6.08201e-05
186	6.04877e-05
187	6.00937e-05
188	5.98094e-05
189	5.95343e-05
190	5.92278e-05
191	5.88914e-05
192	5.84929e-05
193	5.82586e-05
194	5.7979e-05
195	5.76068e-05
196	5.73582e-05
197	5.70521e-05
198	5.67727e-05
199	5.64805e-05
200	5.61758e-05
201	5.58739e-05
202	5.56055e-05
203	5.53302e-05
204	5.50167e-05
205	5.46909e-05
206	5.44771e-05
207	5.42064e-05
208	5.39351e-05
209	5.36485e-05
210	5.33818e-05
211	5.31404e-05
212	5.28022e-05
213	5.25845e-05
214	5.23376e-05
215	5.20743e-05
216	5.18476e-05
217	5.16024e-05
218	5.13601e-05
219	5.10788e-05
220	5.08431e-05
221	5.06116e-05
222	5.03518e-05
223	5.01476e-05
224	4.98127e-05
225	4.96345e-05
226	4.94305e-05
227	4.91334e-05
228	4.90114e-05
229	4.87914e-05
230	4.84984e-05
231	4.8312e-05
232	4.8074e-05
233	4.78186e-05
234	4.76688e-05
235	4.74481e-05
236	4.71776e-05
237	4.69556e-05
238	4.67249e-05
239	4.65206e-05
240	4.63186e-05
241	4.60865e-05
242	4.59293e-05
243	4.5736e-05
244	4.54796e-05
245	4.53308e-05
246	4.51165e-05
247	4.48905e-05
248	4.46939e-05
249	4.45157e-05
250	4.43007e-05
251	4.41106e-05
252	4.39035e-05
253	4.37387e-05
254	4.35243e-05
255	4.33404e-05
256	4.32357e-05
257	4.29847e-05
258	4.27617e-05
259	4.26005e-05
260	4.2435e-05
261	4.22392e-05
262	4.20543e-05
263	4.19096e-05
264	4.17422e-05
265	4.15095e-05
266	4.13374e-05
267	4.12238e-05
268	4.0992e-05
269	4.08182e-05
270	4.06593e-05
271	4.04561e-05
272	4.03249e-05
273	4.01968e-05
274	3.99822e-05
275	3.9836e-05
276	3.9689e-05
277	3.9502e-05
278	3.93355e-05
279	3.91832e-05
280	3.90453e-05
281	3.88538e-05
282	3.86913e-05
283	3.85334e-05
284	3.8338e-05
285	3.82062e-05
286	3.80882e-05
287	3.78955e-05
288	3.77348e-05
289	3.76225e-05
290	3.74381e-05
291	3.72888e-05
292	3.71357e-05
293	3.70163e-05
294	3.68714e-05
295	3.67244e-05
296	3.65982e-05
297	3.64479e-05
298	3.62867e-05
299	3.61436e-05
300	3.60092e-05
301	3.58786e-05
302	3.56869e-05
303	3.55433e-05
304	3.54127e-05
305	3.52719e-05
306	3.51714e-05
307	3.50413e-05
308	3.48845e-05
309	3.47254e-05
310	3.46055e-05
311	3.44983e-05
312	3.43808e-05
313	3.42468e-05
314	3.41132e-05
315	3.42082e-05
316	3.38756e-05
317	3.37258e-05
318	3.35669e-05
319	3.3441e-05
320	3.33136e-05
321	3.31962e-05
322	3.30544e-05
323	3.29067e-05
324	3.27882e-05
325	3.26782e-05
326	3.25513e-05
327	3.2467e-05
328	3.23609e-05
329	3.22038e-05
330	3.20737e-05
331	3.19612e-05
332	3.18907e-05
333	3.17794e-05
334	3.18447e-05
335	3.15383e-05
336	3.14216e-05
337	3.13042e-05
338	3.11306e-05
339	3.09892e-05
340	3.08934e-05
341	3.07601e-05
342	3.06798e-05
343	3.0572e-05
344	3.04581e-05
345	3.03648e-05
346	3.02337e-05
347	3.03461e-05
348	3.00676e-05
349	2.99258e-05
350	2.98321e-05
351	2.98265e-05
352	2.96534e-05
353	2.95053e-05
354	2.93689e-05
355	2.92366e-05
356	2.91607e-05
357	2.90427e-05
358	2.8951e-05
359	2.88155e-05
360	2.87403e-05
361	2.86064e-05
362	2.85143e-05
363	2.85028e-05
364	2.83676e-05
365	2.82413e-05
366	2.8166e-05
367	2.80241e-05
368	2.79122e-05
369	2.77798e-05
370	2.77267e-05
371	2.75964e-05
372	2.76759e-05
373	2.75611e-05
374	2.74561e-05
375	2.72856e-05
376	2.71566e-05
377	2.7065e-05
378	2.69843e-05
379	2.68594e-05
380	2.70234e-05
381	2.67379e-05
382	2.66985e-05
383	2.66022e-05
384	2.64529e-05
385	2.63654e-05
386	2.62327e-05
387	2.61504e-05
388	2.62748e-05
389	2.61024e-05
390	2.60107e-05
391	2.58533e-05
392	2.56867e-05
393	2.55836e-05
394	2.55662e-05
395	2.5444e-05
396	2.53265e-05
397	2.52745e-05
398	2.51707e-05
399	2.50691e-05
400	2.49653e-05
401	2.48654e-05
402	2.4778e-05
403	2.46942e-05
404	2.45962e-05
405	2.4658e-05
406	2.4577e-05
407	2.44532e-05
408	2.45451e-05
409	2.43777e-05
410	2.42619e-05
411	2.40811e-05
412	2.39461e-05
413	2.39361e-05
414	2.3884e-05
415	2.38006e-05
416	2.365e-05
417	2.35721e-05
418	2.36482e-05
419	2.35166e-05
420	2.34968e-05
421	2.33735e-05
422	2.32366e-05
423	2.31875e-05
424	2.30836e-05
425	2.30113e-05
426	2.28892e-05
427	2.2772e-05
428	2.26851e-05
429	2.27379e-05
430	2.26128e-05
431	2.26915e-05
432	2.25348e-05
433	2.24326e-05
434	2.23712e-05
435	2.22418e-05
436	2.21404e-05
437	2.20774e-05
438	2.20106e-05
439	2.18869e-05
440	2.179e-05
441	2.17685e-05
442	2.16851e-05
443	2.15988e-05
444	2.16395e-05
445	2.16005e-05
446	2.15843e-05
447	2.14777e-05
448	2.13761e-05
449	2.12152e-05
450	2.10832e-05
451	2.09843e-05
452	2.09902e-05
453	2.10626e-05
454	2.09446e-05
455	2.08373e-05
456	2.07707e-05
457	2.06527e-05
458	2.06862e-05
459	2.06718e-05
460	2.05346e-05
461	2.05224e-05
462	2.03466e-05
463	2.03031e-05
464	2.02145e-05
465	2.02657e-05
466	2.01335e-05
467	2.01179e-05
468	1.99149e-05
469	1.98406e-05
470	1.97756e-05
471	1.97148e-05
472	1.96745e-05
473	1.96122e-05
474	1.95213e-05
475	1.94497e-05
476	1.94153e-05
477	1.95117e-05
478	1.94184e-05
479	1.93271e-05
480	1.92445e-05
481	1.93102e-05
482	1.91563e-05
483	1.91074e-05
484	1.89858e-05
485	1.88577e-05
486	1.88175e-05
487	1.88266e-05
488	1.88684e-05
489	1.88023e-05
490	1.87471e-05
491	1.86427e-05
492	1.85625e-05
493	1.84935e-05
494	1.83662e-05
495	1.82777e-05
496	1.83643e-05
497	1.82386e-05
498	1.82114e-05
499	1.81596e-05
500	1.7997e-05
501	1.78956e-05
502	1.78967e-05
503	1.80168e-05
504	1.7886e-05
505	1.77175e-05
506	1.77227e-05
507	1.76084e-05
508	1.75409e-05
509	1.74854e-05
510	1.74129e-05
511	1.74696e-05
512	1.73842e-05
513	1.73786e-05
514	1.72825e-05
515	1.71498e-05
516	1.71243e-05
517	1.71442e-05
518	1.70713e-05
519	1.691e-05
520	1.69397e-05
521	1.68981e-05
522	1.68947e-05
523	1.67907e-05
524	1.67352e-05
525	1.68346e-05
526	1.66641e-05
527	1.66171e-05
528	1.66379e-05
529	1.65857e-05
530	1.64598e-05
531	1.63569e-05
532	1.63021e-05
533	1.63433e-05
534	1.62476e-05
535	1.61564e-05
536	1.61325e-05
537	1.61121e-05
538	1.61871e-05
539	1.59969e-05
540	1.5949e-05
541	1.58282e-05
542	1.5797e-05
543	1.57441e-05
544	1.57839e-05
545	1.5676e-05
546	1.56138e-05
547	1.55632e-05
548	1.55996e-05
549	1.55545e-05
550	1.54529e-05
551	1.53843e-05
552	1.53033e-05
553	1.52548e-05
554	1.51843e-05
555	1.52109e-05
556	1.51638e-05
557	1.51545e-05
558	1.50819e-05
559	1.49567e-05
560	1.49384e-05
561	1.49545e-05
562	1.49593e-05
563	1.47885e-05
564	1.47536e-05
565	1.46923e-05
566	1.46496e-05
567	1.45895e-05
568	1.46276e-05
569	1.45633e-05
570	1.44939e-05
571	1.44357e-05
572	1.43763e-05
573	1.43216e-05
574	1.43266e-05
575	1.42833e-05
576	1.42006e-05
577	1.41401e-05
578	1.41569e-05
579	1.40734e-05
580	1.40687e-05
581	1.39878e-05
582	1.39308e-05
583	1.38892e-05
584	1.38963e-05
585	1.38305e-05
586	1.37836e-05
587	1.38e-05
588	1.37095e-05
589	1.37008e-05
590	1.36421e-05
591	1.35902e-05
592	1.35378e-05
593	1.34669e-05
594	1.34189e-05
595	1.34189e-05
596	1.3411e-05
597	1.34111e-05
598	1.34272e-05
599	1.33574e-05
600	1.31972e-05
601	1.31885e-05
602	1.31183e-05
603	1.30638e-05
604	1.30186e-05
605	1.30092e-05
606	1.29555e-05
607	1.2972e-05
608	1.29253e-05
609	1.2859e-05
610	1.28118e-05
611	1.27548e-05
612	1.27662e-05
613	1.27315e-05
614	1.26552e-05
615	1.26051e-05
616	1.26086e-05
617	1.26308e-05
618	1.25598e-05
619	1.24889e-05
620	1.25369e-05
621	1.24556e-05
622	1.23552e-05
623	1.23147e-05
624	1.22906e-05
625	1.22848e-05
626	1.23206e-05
627	1.22205e-05
628	1.22214e-05
629	1.21348e-05
630	1.21269e-05
631	1.19918e-05
632	1.20063e-05
633	1.1992e-05
634	1.1908e-05
635	1.18734e-05
636	1.18861e-05
637	1.18225e-05
638	1.18198e-05
639	1.17538e-05
640	1.1717e-05
641	1.16733e-05
642	1.16804e-05
643	1.16438e-05
644	1.15552e-05
645	1.15728e-05
646	1.15026e-05
647	1.14435e-05
648	1.14314e-05
649	1.14775e-05
650	1.14559e-05
651	1.13747e-05
652	1.13256e-05
653	1.12806e-05
654	1.12162e-05
655	1.11648e-05
656	1.11785e-05
657	1.11095e-05
658	1.106e-05
659	1.10143e-05
660	1.09813e-05
661	1.09466e-05
662	1.09603e-05
663	1.096e-05
664	1.09086e-05
665	1.08936e-05
666	1.08244e-05
667	1.08241e-05
668	1.07799e-05
669	1.07848e-05
670	1.07655e-05
671	1.07636e-05
672	1.0678e-05
673	1.0662e-05
674	1.05922e-05
675	1.05234e-05
676	1.0503e-05
677	1.04946e-05
678	1.04418e-05
679	1.04405e-05
680	1.03819e-05
681	1.03351e-05
682	1.02942e-05
683	1.02689e-05
684	1.02705e-05
685	1.0251e-05
686	1.02444e-05
687	1.02218e-05
688	1.01762e-05
689	1.0117e-05
690	1.00336e-05
691	9.99312e-06
692	9.97717e-06
693	9.96303e-06
694	9.99913e-06
695	9.93148e-06
696	9.87743e-06
697	9.89112e-06
698	9.84008e-06
699	9.79324e-06
700	9.78044e-06
701	9.73036e-06
702	9.69123e-06
703	9.66122e-06
704	9.63746e-06
705	9.59791e-06
706	9.64407e-06
707	9.59455e-06
708	9.54632e-06
709	9.50043e-06
710	9.45784e-06
711	9.47711e-06
712	9.44928e-06
713	9.40074e-06
714	9.42824e-06
715	9.5068e-06
716	9.38789e-06
717	9.30717e-06
718	9.26744e-06
719	9.23608e-06
720	9.25816e-06
721	9.1975e-06
722	9.15698e-06
723	9.32383e-06
724	9.21476e-06
725	9.14265e-06
726	9.1504e-06
727	9.08435e-06
728	9.05838e-06
729	9.04513e-06
730	9.00149e-06
731	8.98145e-06
732	8.93391e-06
733	8.89627e-06
734	8.84837e-06
735	8.80304e-06
736	8.77667e-06
737	8.7607e-06
738	8.72213e-06
739	8.73509e-06
740	8.69836e-06
741	8.66288e-06
742	8.69082e-06
743	8.63912e-06
744	8.5883e-06
745	8.55221e-06
746	8.51009e-06
747	8.51197e-06
748	8.48258e-06
749	8.48383e-06
750	8.47031e-06
751	8.41639e-06
752	8.42171e-06
753	8.37415e-06
754	8.37143e-06
755	8.32427e-06
756	8.42871e-06
757	8.31525e-06
758	8.3097e-06
759	8.28246e-06
760	8.23623e-06
761	8.17196e-06
762	8.16529e-06
763	8.15146e-06
764	8.12877e-06
765	8.1783e-06
766	8.13972e-06
767	8.08805e-06
768	8.01797e-06
769	7.96862e-06
770	7.97124e-06
771	7.9548e-06
772	7.89089e-06
773	7.90258e-06
774	7.8564e-06
775	7.80509e-06
776	7.84097e-06
777	7.84473e-06
778	7.81515e-06
779	7.82355e-06
780	7.72466e-06
781	7.67422e-06
782	7.67984e-06
783	7.71015e-06
784	7.65882e-06
785	7.64529e-06
786	7.59875e-06
787	7.61766e-06
788	7.5819e-06
789	7.56267e-06
790	7.56084e-06
791	7.49242e-06
792	7.53366e-06
793	7.49338e-06
794	7.4396e-06
795	7.37368e-06
796	7.38043e-06
797	7.33389e-06
798	7.35195e-06
799	7.39515e-06
800	7.37056e-06
801	7.29927e-06
802	7.28101e-06
803	7.21649e-06
804	7.24311e-06
805	7.23788e-06
806	7.15285e-06
807	7.1082e-06
808	7.14353e-06
809	7.17167e-06
810	7.22335e-06
811	7.13012e-06
812	7.09575e-06
813	7.19584e-06
814	7.09639e-06
815	7.09548e-06
816	6.99575e-06
817	6.98762e-06
818	6.95597e-06
819	6.8834e-06
820	6.84098e-06
821	6.8288e-06
822	6.82886e-06
823	6.79109e-06
824	6.79396e-06
825	6.79378e-06
826	6.78108e-06
827	6.75711e-06
828	6.71816e-06
829	6.72085e-06
830	6.66473e-06
831	6.66984e-06
832	6.70381e-06
833	6.6743e-06
834	6.59185e-06
835	6.61171e-06
836	6.57785e-06
837	6.57515e-06
838	6.54606e-06
839	6.56305e-06
840	6.55307e-06
841	6.47794e-06
842	6.42911e-06
843	6.40514e-06
844	6.38382e-06
845	6.4079e-06
846	6.3697e-06
847	6.33128e-06
848	6.35186e-06
849	6.32183e-06
850	6.28771e-06
851	6.323e-06
852	6.29618e-06
853	6.29991e-06
854	6.26564e-06
855	6.21302e-06
856	6.19344e-06
857	6.16492e-06
858	6.15245e-06
859	6.25518e-06
860	6.22954e-06
861	6.15958e-06
862	6.10581e-06
863	6.06862e-06
864	6.06291e-06
865	6.04327e-06
866	6.01172e-06
867	5.98642e-06
868	5.96562e-06
869	6.02022e-06
870	5.97084e-06
871	5.93078e-06
872	5.94434e-06
873	5.90395e-06
874	5.86912e-06
875	5.84748e-06
876	5.82959e-06
877	5.81181e-06
878	5.79225e-06
879	5.82173e-06
880	5.79076e-06
881	5.75747e-06
882	5.73204e-06
883	5.70978e-06
884	5.69269e-06
885	5.67921e-06
886	5.70733e-06
887	5.71343e-06
888	5.68603e-06
889	5.76191e-06
890	5.7059e-06
891	5.63448e-06
892	5.58335e-06
893	5.56705e-06
894	5.55506e-06
895	5.52416e-06
896	5.52053e-06
897	5.56433e-06
898	5.53803e-06
899	5.48551e-06
900	5.44694e-06
901	5.42697e-06
902	5.46543e-06
903	5.50591e-06
904	5.43338e-06
905	5.37654e-06
906	5.36656e-06
907	5.34418e-06
908	5.348e-06
909	5.3223e-06
910	5.3811e-06
911	5.34715e-06
912	5.29122e-06
913	5.26492e-06
914	5.23501e-06
915	5.21559e-06
916	5.26683e-06
917	5.25831e-06
918	5.21737e-06
919	5.20202e-06
920	5.15666e-06
921	5.13096e-06
922	5.10428e-06
923	5.08691e-06
924	5.07979e-06
925	5.05994e-06
926	5.04171e-06
927	5.02776e-06
928	5.02731e-06
929	5.00342e-06
930	5.00876e-06
931	5.01208e-06
932	4.97373e-06
933	4.94505e-06
934	4.9253e-06
935	4.90933e-06
936	4.89457e-06
937	4.8808e-06
938	4.89579e-06
939	4.8652e-06
940	4.84421e-06
941	4.85334e-06
942	4.83189e-06
943	4.83e-06
944	4.80043e-06
945	4.79031e-06
946	4.85861e-06
947	4.78752e-06
948	4.742e-06
949	4.71818e-06
950	4.72092e-06
951	4.69541e-06
952	4.75108e-06
953	4.71661e-06
954	4.67906e-06
955	4.68158e-06
956	4.66281e-06
957	4.65674e-06
958	4.62284e-06
959	4.59957e-06
960	4.57563e-06
961	4.56108e-06
962	4.57777e-06
963	4.55682e-06
964	4.55307e-06
965	4.52067e-06
966	4.50798e-06
967	4.57766e-06
968	4.52396e-06
969	4.48342e-06
970	4.47822e-06
971	4.44972e-06
972	4.43787e-06
973	4.40496e-06
974	4.39494e-06
975	4.37886e-06
976	4.3676e-06
977	4.35361e-06
978	4.33989e-06
979	4.38286e-06
980	4.35625e-06
981	4.34181e-06
982	4.31246e-06
983	4.28711e-06
984	4.26569e-06
985	4.25403e-06
986	4.28946e-06
987	4.26391e-06
988	4.23868e-06
989	4.21519e-06
990	4.19659e-06
991	4.21196e-06
992	4.19465e-06
993	4.16964e-06
994	4.19471e-06
995	4.21194e-06
996	4.16933e-06
997	4.13045e-06
998	4.10183e-06
999	4.09222e-06
1000	4.08899e-06
1001	4.07283e-06
1002	4.05575e-06
1003	4.05543e-06
1004	4.03339e-06
1005	4.05614e-06
1006	4.02774e-06
1007	4.00627e-06
1008	4.00237e-06
1009	3.98128e-06
1010	3.9635e-06
1011	3.94874e-06
1012	3.93423e-06
1013	3.92286e-06
1014	3.91065e-06
1015	3.89996e-06
1016	3.88785e-06
1017	3.87696e-06
1018	3.86599e-06
1019	3.95543e-06
1020	3.9056e-06
1021	3.85961e-06
1022	3.83269e-06
1023	3.94796e-06
1024	3.89186e-06
1025	3.88584e-06
1026	3.83185e-06
1027	3.78805e-06
1028	3.81926e-06
1029	3.80098e-06
1030	3.918e-06
1031	3.88293e-06
1032	3.80703e-06
1033	3.74592e-06
1034	3.70812e-06
1035	3.6852e-06
1036	3.67041e-06
1037	3.66274e-06
1038	3.65052e-06
1039	3.68034e-06
1040	3.65474e-06
1041	3.63408e-06
1042	3.62049e-06
1043	3.60577e-06
1044	3.60662e-06
1045	3.5892e-06
1046	3.58106e-06
1047	3.56323e-06
1048	3.61918e-06
1049	3.58887e-06
1050	3.55435e-06
1051	3.5362e-06
1052	3.5083e-06
1053	3.5064e-06
1054	3.49504e-06
1055	3.52116e-06
1056	3.51907e-06
1057	3.48482e-06
1058	3.46125e-06
1059	3.457e-06
1060	3.43617e-06
1061	3.42112e-06
1062	3.40863e-06
1063	3.39721e-06
1064	3.53943e-06
1065	3.51971e-06
1066	3.45444e-06
1067	3.3878e-06
1068	3.40055e-06
1069	3.36848e-06
1070	3.33327e-06
1071	3.31525e-06
1072	3.31447e-06
1073	3.30333e-06
1074	3.28838e-06
1075	3.30859e-06
1076	3.28348e-06
1077	3.26617e-06
1078	3.25733e-06
1079	3.24647e-06
1080	3.23689e-06
1081	3.22556e-06
1082	3.21734e-06
1083	3.2228e-06
1084	3.20713e-06
1085	3.19385e-06
1086	3.18236e-06
1087	3.1717e-06
1088	3.16294e-06
1089	3.15229e-06
1090	3.14305e-06
1091	3.1333e-06
1092	3.12555e-06
1093	3.13513e-06
1094	3.11799e-06
1095	3.22037e-06
1096	3.20641e-06
1097	3.13756e-06
1098	3.11378e-06
1099	3.08656e-06
1100	3.05298e-06
1101	3.03833e-06
1102	3.03948e-06
1103	3.03089e-06
1104	3.03287e-06
1105	3.01927e-06
1106	3.00665e-06
1107	2.99469e-06
1108	2.98497e-06
1109	2.97658e-06
1110	2.97305e-06
1111	2.96257e-06
1112	2.95905e-06
1113	2.95015e-06
1114	2.93793e-06
1115	2.92799e-06
1116	2.91884e-06
1117	2.95872e-06
1118	2.93884e-06
1119	2.90535e-06
1120	2.92933e-06
1121	2.90787e-06
1122	2.87561e-06
1123	2.85931e-06
1124	2.85758e-06
1125	2.86073e-06
1126	2.844e-06
1127	2.83201e-06
1128	2.83112e-06
1129	2.81712e-06
1130	2.8046e-06
1131	2.8012e-06
1132	2.79119e-06
1133	2.78141e-06
1134	2.77333e-06
1135	2.76409e-06
1136	2.75591e-06
1137	2.75168e-06
1138	2.74277e-06
1139	2.73392e-06
1140	2.72657e-06
1141	2.71807e-06
1142	2.70995e-06
1143	2.70198e-06
1144	2.69426e-06
1145	2.68618e-06
1146	2.68233e-06
1147	2.6727e-06
1148	2.77253e-06
1149	2.72485e-06
1150	2.67312e-06
1151	2.66574e-06
1152	2.67561e-06
1153	2.66453e-06
1154	2.67275e-06
1155	2.65106e-06
1156	2.68239e-06
1157	2.63378e-06
1158	2.60799e-06
1159	2.68646e-06
1160	2.76509e-06
1161	2.69918e-06
1162	2.67899e-06
1163	2.62304e-06
1164	2.60689e-06
1165	2.58802e-06
1166	2.55837e-06
1167	2.54282e-06
1168	2.52246e-06
1169	2.52743e-06
1170	2.51399e-06
1171	2.50976e-06
1172	2.49283e-06
1173	2.48086e-06
1174	2.47433e-06
1175	2.4672e-06
1176	2.45903e-06
1177	2.46958e-06
1178	2.50591e-06
1179	2.47993e-06
1180	2.45276e-06
1181	2.43296e-06
1182	2.42061e-06
1183	2.41164e-06
1184	2.4084e-06
1185	2.39918e-06
1186	2.39093e-06
1187	2.38464e-06
1188	2.37707e-06
1189	2.37e-06
1190	2.36288e-06
1191	2.35688e-06
1192	2.35491e-06
1193	2.34551e-06
1194	2.3378e-06
1195	2.33052e-06
1196	2.32297e-06
1197	2.31631e-06
1198	2.31117e-06
1199	2.34313e-06
1200	2.32562e-06
1201	2.29654e-06
1202	2.29841e-06
1203	2.28826e-06
1204	2.29852e-06
1205	2.28117e-06
1206	2.39176e-06
1207	2.33149e-06
1208	2.27615e-06
1209	2.26468e-06
1210	2.24886e-06
1211	2.2228e-06
1212	2.21309e-06
1213	2.21482e-06
1214	2.20932e-06
1215	2.20154e-06
1216	2.19507e-06
1217	2.18981e-06
1218	2.18244e-06
1219	2.17571e-06
1220	2.17048e-06
1221	2.17037e-06
1222	2.16032e-06
1223	2.15201e-06
1224	2.14581e-06
1225	2.13967e-06
1226	2.13324e-06
1227	2.12697e-06
1228	2.12097e-06
1229	2.11505e-06
1230	2.16837e-06
1231	2.1517e-06
1232	2.12787e-06
1233	2.10886e-06
1234	2.09403e-06
1235	2.08279e-06
1236	2.07431e-06
1237	2.06781e-06
1238	2.06256e-06
1239	2.06098e-06
1240	2.05399e-06
1241	2.07813e-06
1242	2.05535e-06
1243	2.06207e-06
1244	2.04366e-06
1245	2.02807e-06
1246	2.01813e-06
1247	2.00996e-06
1248	2.00318e-06
1249	1.99797e-06
1250	1.99713e-06
1251	2.06687e-06
1252	2.05027e-06
1253	2.018e-06
1254	1.99333e-06
1255	2.0102e-06
1256	1.98475e-06
1257	2.02346e-06
1258	1.99651e-06
1259	1.97045e-06
1260	1.95107e-06
1261	1.98795e-06
1262	1.96511e-06
1263	1.93443e-06
1264	1.93134e-06
1265	1.92087e-06
1266	1.90143e-06
1267	1.89387e-06
1268	1.89433e-06
1269	1.88896e-06
1270	1.8807e-06
1271	1.87617e-06
1272	1.87256e-06
1273	1.87497e-06
1274	1.86485e-06
1275	1.85831e-06
1276	1.8515e-06
1277	1.84564e-06
1278	1.83979e-06
1279	1.83465e-06
1280	1.82929e-06
1281	1.82448e-06
1282	1.8353e-06
1283	1.84106e-06
1284	1.85999e-06
1285	1.84278e-06
1286	1.81245e-06
1287	1.8069e-06
1288	1.79795e-06
1289	1.78136e-06
1290	1.77427e-06
1291	1.7744e-06
1292	1.76928e-06
1293	1.76217e-06
1294	1.75799e-06
1295	1.75373e-06
1296	1.74797e-06
1297	1.75956e-06
1298	1.75369e-06
1299	1.74583e-06
1300	1.73257e-06
1301	1.73376e-06
1302	1.72673e-06
1303	1.71245e-06
1304	1.70539e-06
1305	1.70535e-06
1306	1.70065e-06
1307	1.69367e-06
1308	1.69776e-06
1309	1.69244e-06
1310	1.68449e-06
1311	1.67705e-06
1312	1.67189e-06
1313	1.66878e-06
1314	1.66231e-06
1315	1.65858e-06
1316	1.66857e-06
1317	1.6594e-06
1318	1.64878e-06
1319	1.64095e-06
1320	1.6568e-06
1321	1.64036e-06
1322	1.62917e-06
1323	1.62219e-06
1324	1.64619e-06
1325	1.68419e-06
1326	1.76373e-06
1327	1.74953e-06
1328	1.6945e-06
1329	1.64492e-06
1330	1.61114e-06
1331	1.59673e-06
1332	1.5847e-06
1333	1.57285e-06
1334	1.5669e-06
1335	1.59658e-06
1336	1.58589e-06
1337	1.56574e-06
1338	1.62468e-06
1339	1.60672e-06
1340	1.57795e-06
1341	1.55639e-06
1342	1.54995e-06
1343	1.53337e-06
1344	1.52294e-06
1345	1.52266e-06
1346	1.53073e-06
1347	1.52292e-06
1348	1.51507e-06
1349	1.51308e-06
1350	1.50466e-06
1351	1.49757e-06
1352	1.49257e-06
1353	1.48844e-06
1354	1.49572e-06
1355	1.55851e-06
1356	1.54608e-06
1357	1.50984e-06
1358	1.48938e-06
1359	1.52184e-06
1360	1.49316e-06
1361	1.47541e-06
1362	1.46107e-06
1363	1.46256e-06
1364	1.48054e-06
1365	1.46515e-06
1366	1.44174e-06
1367	1.44266e-06
1368	1.44605e-06
1369	1.42847e-06
1370	1.41948e-06
1371	1.41714e-06
1372	1.41385e-06
1373	1.40268e-06
1374	1.40538e-06
1375	1.4032e-06
1376	1.39156e-06
1377	1.38639e-06
1378	1.38697e-06
1379	1.38299e-06
1380	1.37722e-06
1381	1.37904e-06
1382	1.37788e-06
1383	1.36522e-06
1384	1.36666e-06
1385	1.36445e-06
1386	1.35303e-06
1387	1.34787e-06
1388	1.3962e-06
1389	1.37861e-06
1390	1.42456e-06
1391	1.40584e-06
1392	1.3907e-06
1393	1.36817e-06
1394	1.35019e-06
1395	1.33089e-06
1396	1.31951e-06
1397	1.31626e-06
1398	1.31136e-06
1399	1.3055e-06
1400	1.30234e-06
1401	1.29909e-06
1402	1.29503e-06
1403	1.33786e-06
1404	1.33495e-06
1405	1.29009e-06
1406	1.32019e-06
1407	1.29482e-06
1408	1.27283e-06
1409	1.26327e-06
1410	1.27182e-06
1411	1.27073e-06
1412	1.2739e-06
1413	1.26956e-06
1414	1.26439e-06
1415	1.24859e-06
1416	1.31197e-06
1417	1.30542e-06
1418	1.27474e-06
1419	1.25285e-06
1420	1.2466e-06
1421	1.23369e-06
1422	1.2235e-06
1423	1.22174e-06
1424	1.22685e-06
1425	1.25941e-06
1426	1.23138e-06
1427	1.21465e-06
1428	1.20759e-06
1429	1.19711e-06
1430	1.19142e-06
1431	1.19462e-06
1432	1.21877e-06
1433	1.20537e-06
1434	1.18768e-06
1435	1.19124e-06
1436	1.18126e-06
1437	1.1713e-06
1438	1.16812e-06
1439	1.16728e-06
1440	1.1675e-06
1441	1.1914e-06
1442	1.17322e-06
1443	1.21105e-06
1444	1.18483e-06
1445	1.16238e-06
1446	1.14888e-06
1447	1.1419e-06
1448	1.1406e-06
1449	1.13592e-06
1450	1.12922e-06
1451	1.12554e-06
1452	1.12448e-06
1453	1.12175e-06
1454	1.11783e-06
1455	1.11706e-06
1456	1.11423e-06
1457	1.11203e-06
1458	1.10997e-06
1459	1.11874e-06
1460	1.10671e-06
1461	1.10093e-06
1462	1.14059e-06
1463	1.11685e-06
1464	1.16009e-06
1465	1.13207e-06
1466	1.11289e-06
1467	1.09556e-06
1468	1.08312e-06
1469	1.18217e-06
1470	1.1593e-06
1471	1.10725e-06
1472	1.11138e-06
1473	1.14335e-06
1474	1.13455e-06
1475	1.07013e-06
1476	1.09801e-06
1477	1.06759e-06
1478	1.04672e-06
1479	1.03655e-06
1480	1.04585e-06
1481	1.04323e-06
1482	1.02994e-06
1483	1.02754e-06
1484	1.02944e-06
1485	1.02701e-06
1486	1.03993e-06
1487	1.02854e-06
1488	1.02779e-06
1489	1.01752e-06
1490	1.15546e-06
1491	1.11975e-06
1492	1.07891e-06
1493	1.05358e-06
1494	1.02246e-06
1495	9.93813e-07
1496	9.85557e-07
1497	9.96353e-07
1498	9.96087e-07
1499	9.8645e-07
1500	9.7876e-07
1501	9.80092e-07
1502	9.74457e-07
1503	9.69392e-07
1504	9.68085e-07
1505	9.71177e-07
1506	9.66033e-07
1507	9.61013e-07
1508	9.65087e-07
1509	9.6295e-07
1510	9.53994e-07
1511	9.69232e-07
1512	9.55578e-07
1513	9.46788e-07
1514	9.4839e-07
1515	9.42302e-07
1516	9.36889e-07
1517	9.36597e-07
1518	9.45841e-07
1519	9.48981e-07
1520	9.33411e-07
1521	9.34038e-07
1522	9.28168e-07
1523	9.21017e-07
1524	9.17814e-07
1525	9.25041e-07
1526	9.17935e-07
1527	9.09122e-07
1528	9.08958e-07
1529	9.07868e-07
1530	9.02548e-07
1531	8.98405e-07
1532	8.9226e-07
1533	9.06849e-07
1534	8.97369e-07
1535	8.89669e-07
1536	8.8863e-07
1537	8.85827e-07
1538	8.80852e-07
1539	8.73813e-07
1540	8.82961e-07
1541	8.76857e-07
1542	8.70525e-07
1543	1.00497e-06
1544	9.78973e-07
1545	9.39743e-07
1546	9.05265e-07
1547	8.84712e-07
1548	8.60272e-07
1549	8.5095e-07
1550	8.56605e-07
1551	8.95865e-07
1552	8.89576e-07
1553	8.5651e-07
1554	8.76316e-07
1555	8.54474e-07
1556	8.51574e-07
1557	8.37771e-07
1558	8.4078e-07
1559	9.05234e-07
1560	8.88044e-07
1561	8.47613e-07
1562	8.59786e-07
1563	8.68309e-07
1564	8.39438e-07
1565	8.23308e-07
1566	8.21907e-07
1567	8.14168e-07
1568	8.06827e-07
1569	8.0588e-07
1570	8.04498e-07
1571	8.00948e-07
1572	8.34418e-07
1573	8.43408e-07
1574	8.21242e-07
1575	8.06274e-07
1576	7.98211e-07
1577	7.91319e-07
1578	7.86613e-07
1579	7.8347e-07
1580	7.81192e-07
1581	8.72701e-07
1582	8.48519e-07
1583	8.07528e-07
1584	8.12984e-07
1585	7.91616e-07
1586	7.72052e-07
1587	7.63918e-07
1588	7.81033e-07
1589	7.70043e-07
1590	7.61194e-07
1591	7.58386e-07
1592	7.56654e-07
1593	7.53056e-07
1594	7.5045e-07
1595	7.49251e-07
1596	7.46905e-07
1597	7.44472e-07
1598	7.42463e-07
1599	7.40457e-07
1600	7.38692e-07
1601	7.36256e-07
1602	7.34127e-07
1603	7.32276e-07
1604	7.30029e-07
1605	7.27968e-07
1606	7.25803e-07
1607	7.23768e-07
1608	7.21681e-07
1609	7.2024e-07
1610	7.29694e-07
1611	7.20667e-07
1612	7.15992e-07
1613	7.28671e-07
1614	7.23423e-07
1615	7.15641e-07
1616	7.11241e-07
1617	7.06602e-07
1618	7.02849e-07
1619	7.00096e-07
1620	6.99492e-07
1621	7.28098e-07
1622	8.43863e-07
1623	8.01947e-07
1624	7.59419e-07
1625	7.33022e-07
1626	7.78362e-07
1627	7.49627e-07
1628	7.00956e-07
1629	7.16511e-07
1630	6.97567e-07
1631	6.77401e-07
1632	6.72277e-07
1633	6.77389e-07
1634	6.72604e-07
1635	6.69359e-07
1636	7.51153e-07
1637	7.4509e-07
1638	7.13063e-07
1639	6.96145e-07
1640	6.81218e-07
1641	6.56834e-07
1642	6.55055e-07
1643	6.59228e-07
1644	6.54244e-07
1645	6.48401e-07
1646	7.10927e-07
1647	7.03507e-07
1648	6.65933e-07
1649	6.72261e-07
1650	6.6422e-07
1651	6.43682e-07
1652	6.35569e-07
1653	6.38921e-07
1654	6.36303e-07
1655	6.31595e-07
1656	6.30521e-07
1657	6.29911e-07
1658	6.27197e-07
1659	6.25241e-07
1660	6.23979e-07
1661	6.22183e-07
1662	6.27712e-07
1663	6.25847e-07
1664	6.644e-07
1665	6.54835e-07
1666	6.3387e-07
1667	6.34821e-07
1668	6.18502e-07
1669	6.07886e-07
1670	6.07186e-07
1671	6.07122e-07
1672	6.20236e-07
1673	6.13166e-07
1674	6.07393e-07
1675	6.0262e-07
1676	5.97896e-07
1677	5.95533e-07
1678	6.03359e-07
1679	5.98653e-07
1680	5.9337e-07
1681	5.90384e-07
1682	5.87469e-07
1683	5.84992e-07
1684	5.83126e-07
1685	5.83972e-07
1686	5.81334e-07
1687	5.78596e-07
1688	5.76699e-07
1689	5.75071e-07
1690	5.73387e-07
1691	5.71689e-07
1692	5.75787e-07
1693	5.70645e-07
1694	5.82557e-07
1695	5.77829e-07
1696	5.71149e-07
1697	5.66492e-07
1698	5.62641e-07
1699	5.60048e-07
1700	5.91096e-07
1701	5.79774e-07
1702	5.68123e-07
1703	5.60559e-07
1704	5.55008e-07
1705	5.5107e-07
1706	5.48517e-07
1707	5.4681e-07
1708	5.45193e-07
1709	5.52898e-07
1710	5.486e-07
1711	5.45592e-07
1712	5.4165e-07
1713	5.38499e-07
1714	5.36079e-07
1715	5.34573e-07
1716	5.32907e-07
1717	5.31598e-07
1718	5.30121e-07
1719	5.29303e-07
1720	5.27909e-07
1721	5.26033e-07
1722	5.24231e-07
1723	5.23102e-07
1724	5.26472e-07
1725	5.24062e-07
1726	5.20935e-07
1727	5.18277e-07
1728	5.16007e-07
1729	5.18837e-07
1730	5.14309e-07
1731	5.11585e-07
1732	5.09767e-07
1733	5.08386e-07
1734	5.06876e-07
1735	5.05705e-07
1736	5.09287e-07
1737	5.11488e-07
1738	5.07221e-07
1739	5.03141e-07
1740	5.00112e-07
1741	4.97629e-07
1742	4.95983e-07
1743	5.04922e-07
1744	5.0189e-07
1745	4.97071e-07
1746	4.93e-07
1747	4.90239e-07
1748	4.87825e-07
1749	4.8613e-07
1750	4.84538e-07
1751	5.04184e-07
1752	4.95301e-07
1753	4.8755e-07
1754	4.83346e-07
1755	4.79465e-07
1756	4.76796e-07
1757	4.75222e-07
1758	4.76782e-07
1759	4.75244e-07
1760	4.72484e-07
1761	4.7055e-07
1762	4.6889e-07
1763	4.67758e-07
1764	4.66011e-07
1765	4.6467e-07
1766	4.63361e-07
1767	4.62066e-07
1768	4.61672e-07
1769	4.59793e-07
1770	4.5826e-07
1771	6.47764e-07
1772	6.17578e-07
1773	5.46155e-07
1774	5.0846e-07
1775	4.90866e-07
1776	4.68709e-07
1777	4.54793e-07
1778	4.50082e-07
1779	4.49628e-07
1780	4.46525e-07
1781	4.43939e-07
1782	4.43293e-07
1783	4.42192e-07
1784	4.41046e-07
1785	4.39655e-07
1786	4.38486e-07
1787	4.37079e-07
1788	4.35714e-07
1789	4.38442e-07
1790	4.34701e-07
1791	4.32551e-07
1792	4.30942e-07
1793	4.29784e-07
1794	4.28483e-07
1795	4.2734e-07
1796	4.26142e-07
1797	4.24927e-07
1798	4.25498e-07
1799	4.24042e-07
1800	4.22234e-07
1801	4.20495e-07
1802	4.1914e-07
1803	4.18161e-07
1804	4.16861e-07
1805	4.15653e-07
1806	4.14356e-07
1807	4.13409e-07
1808	4.12037e-07
1809	4.10858e-07
1810	4.09771e-07
1811	4.08594e-07
1812	4.07422e-07
1813	4.06286e-07
1814	4.05441e-07
1815	4.04062e-07
1816	4.02839e-07
1817	4.01778e-07
1818	4.00642e-07
1819	4.06314e-07
1820	4.03704e-07
1821	4.03683e-07
1822	4.00594e-07
1823	3.99166e-07
1824	3.96419e-07
1825	3.94126e-07
1826	3.92372e-07
1827	3.90897e-07
1828	3.89638e-07
1829	3.89349e-07
1830	3.87793e-07
1831	3.86532e-07
1832	3.85382e-07
1833	3.85143e-07
1834	3.83547e-07
1835	3.8224e-07
1836	3.81082e-07
1837	3.80457e-07
1838	3.79245e-07
1839	3.77966e-07
1840	3.79758e-07
1841	3.78451e-07
1842	3.76989e-07
1843	3.74879e-07
1844	3.73111e-07
1845	3.71658e-07
1846	3.70669e-07
1847	3.69589e-07
1848	3.68552e-07
1849	3.67551e-07
1850	3.66575e-07
1851	3.65521e-07
1852	3.6451e-07
1853	3.63471e-07
1854	3.63392e-07
1855	3.67147e-07
1856	3.69597e-07
1857	3.6225e-07
1858	3.61943e-07
1859	3.58769e-07
1860	3.55839e-07
1861	3.55183e-07
1862	3.5516e-07
1863	3.53584e-07
1864	3.52391e-07
1865	3.51595e-07
1866	3.50632e-07
1867	3.49528e-07
1868	3.4893e-07
1869	3.47775e-07
1870	3.4667e-07
1871	3.45677e-07
1872	3.44716e-07
1873	3.43803e-07
1874	3.42794e-07
1875	3.76793e-07
1876	3.98952e-07
1877	3.78274e-07
1878	3.61192e-07
1879	3.53474e-07
1880	3.45391e-07
1881	3.39358e-07
1882	3.35267e-07
1883	3.36698e-07
1884	3.34215e-07
1885	3.31651e-07
1886	3.31651e-07
1887	3.75837e-07
1888	3.70267e-07
1889	3.46671e-07
1890	3.46322e-07
1891	3.36786e-07
1892	3.27629e-07
1893	3.23709e-07
1894	3.26096e-07
1895	3.24423e-07
1896	3.21855e-07
1897	3.21337e-07
1898	3.21417e-07
1899	3.19807e-07
1900	3.97037e-07
1901	3.94446e-07
1902	3.6057e-07
1903	3.50972e-07
1904	3.34933e-07
1905	3.22408e-07
1906	3.16133e-07
1907	3.15385e-07
1908	3.14085e-07
1909	3.11111e-07
1910	3.09991e-07
1911	3.09596e-07
1912	3.087e-07
1913	3.0754e-07
1914	3.06736e-07
1915	3.55123e-07
1916	3.54047e-07
1917	3.31382e-07
1918	3.28084e-07
1919	3.15885e-07
1920	3.06144e-07
1921	3.01695e-07
1922	3.0187e-07
1923	3.00202e-07
1924	2.98587e-07
1925	2.97468e-07
1926	2.96875e-07
1927	2.95642e-07
1928	2.95388e-07
1929	2.9442e-07
1930	2.93324e-07
1931	2.92362e-07
1932	2.91793e-07
1933	2.90942e-07
1934	2.9005e-07
1935	2.89343e-07
1936	2.88481e-07
1937	2.8766e-07
1938	2.86825e-07
1939	3.04153e-07
1940	2.98658e-07
1941	2.92129e-07
1942	2.87962e-07
1943	2.85161e-07
1944	2.83138e-07
1945	2.81687e-07
1946	2.80658e-07
1947	2.79811e-07
1948	2.7906e-07
1949	2.7823e-07
1950	2.77422e-07
1951	2.76672e-07
1952	2.7588e-07
1953	2.75125e-07
1954	2.74367e-07
1955	2.73603e-07
1956	2.72852e-07
1957	2.72086e-07
1958	2.7164e-07
1959	2.70696e-07
1960	2.69848e-07
1961	2.69102e-07
1962	2.68322e-07
1963	2.67673e-07
1964	2.66875e-07
1965	2.66158e-07
1966	2.65423e-07
1967	2.64694e-07
1968	2.63993e-07
1969	2.6324e-07
1970	2.62503e-07
1971	2.61767e-07
1972	2.6149e-07
1973	2.60532e-07
1974	2.597e-07
1975	2.5896e-07
1976	2.58254e-07
1977	2.57521e-07
1978	2.56868e-07
1979	2.56125e-07
1980	2.55384e-07
1981	2.54826e-07
1982	2.5403e-07
1983	2.53785e-07
1984	2.52855e-07
1985	2.51968e-07
1986	2.51151e-07
1987	2.5052e-07
1988	2.49808e-07
1989	2.49074e-07
1990	2.48648e-07
1991	2.47779e-07
1992	2.47012e-07
1993	2.4632e-07
1994	2.4567e-07
1995	2.44971e-07
1996	2.44641e-07
1997	2.43718e-07
1998	2.42924e-07
1999	2.42234e-07
2000	2.4176e-07
2001	2.40961e-07
2002	2.40241e-07
2003	2.39603e-07
2004	2.38935e-07
2005	2.38558e-07
2006	2.37708e-07
2007	2.36985e-07
2008	2.36316e-07
2009	2.35643e-07
2010	2.35233e-07
2011	2.3439e-07
2012	2.33675e-07
2013	2.33026e-07
2014	2.32412e-07
2015	2.31754e-07
2016	2.31367e-07
2017	2.30565e-07
2018	2.29866e-07
2019	2.46305e-07
2020	2.45014e-07
2021	2.35619e-07
2022	2.33882e-07
2023	2.40319e-07
2024	2.41043e-07
2025	2.32424e-07
2026	2.31563e-07
2027	2.27967e-07
2028	2.23619e-07
2029	2.22588e-07
2030	2.23093e-07
2031	2.21941e-07
2032	2.20843e-07
2033	2.20599e-07
2034	2.20079e-07
2035	2.19287e-07
2036	2.18692e-07
2037	2.18219e-07
2038	2.17517e-07
2039	2.16916e-07
2040	2.19023e-07
2041	2.16707e-07
2042	2.15444e-07
2043	2.14687e-07
2044	2.19258e-07
2045	2.21958e-07
2046	2.15879e-07
2047	2.1829e-07
2048	2.15674e-07
2049	2.11106e-07
2050	2.09472e-07
2051	2.10388e-07
2052	2.09663e-07
2053	2.08551e-07
2054	2.08016e-07
2055	2.07677e-07
2056	2.0699e-07
2057	2.06336e-07
2058	2.05874e-07
2059	2.05297e-07
2060	2.04636e-07
2061	2.04396e-07
2062	2.03643e-07
2063	2.02966e-07
2064	2.02382e-07
2065	2.01939e-07
2066	2.01316e-07
2067	2.00727e-07
2068	2.00491e-07
2069	1.99762e-07
2070	1.99129e-07
2071	1.98552e-07
2072	2.06824e-07
2073	2.04019e-07
2074	2.01055e-07
2075	1.98735e-07
2076	1.97204e-07
2077	1.95994e-07
2078	1.95079e-07
2079	1.94309e-07
2080	1.93703e-07
2081	1.93185e-07
2082	1.92613e-07
2083	1.92067e-07
2084	1.91621e-07
2085	1.91023e-07
2086	1.90475e-07
2087	1.90143e-07
2088	1.8951e-07
2089	1.88941e-07
2090	1.88443e-07
2091	1.87885e-07
2092	1.87355e-07
2093	1.86852e-07
2094	1.86328e-07
2095	1.85854e-07
2096	1.8531e-07
2097	1.84822e-07
2098	1.84286e-07
2099	1.83791e-07
2100	1.83269e-07
2101	1.82828e-07
2102	1.82285e-07
2103	1.81777e-07
2104	1.81267e-07
2105	1.80781e-07
2106	1.80267e-07
2107	1.79806e-07
2108	1.79285e-07
2109	1.78818e-07
2110	1.78293e-07
2111	1.77807e-07
2112	1.77312e-07
2113	1.76839e-07
2114	1.76343e-07
2115	1.75864e-07
2116	1.75375e-07
2117	1.74891e-07
2118	1.74442e-07
2119	1.73928e-07
2120	1.73439e-07
2121	1.72978e-07
2122	1.72487e-07
2123	1.7205e-07
2124	1.71547e-07
2125	1.71104e-07
2126	1.70601e-07
2127	1.70139e-07
2128	1.69663e-07
2129	1.69213e-07
2130	1.68737e-07
2131	1.68282e-07
2132	1.67811e-07
2133	1.67352e-07
2134	1.66912e-07
2135	1.66433e-07
2136	1.65974e-07
2137	1.65522e-07
2138	1.65066e-07
2139	1.64629e-07
2140	1.64153e-07
2141	1.63736e-07
2142	1.6326e-07
2143	1.62887e-07
2144	1.62373e-07
2145	1.6191e-07
2146	1.61821e-07
2147	1.61199e-07
2148	1.60648e-07
2149	1.6016e-07
2150	1.59734e-07
2151	1.59284e-07
2152	1.58837e-07
2153	2.11917e-07
2154	2.07668e-07
2155	1.87056e-07
2156	1.80859e-07
2157	1.70775e-07
2158	1.64112e-07
2159	1.58165e-07
2160	1.56839e-07
2161	1.56402e-07
2162	1.55255e-07
2163	1.54121e-07
2164	1.53887e-07
2165	1.53405e-07
2166	1.52991e-07
2167	1.52559e-07
2168	1.52135e-07
2169	1.51672e-07
2170	1.51248e-07
2171	1.50863e-07
2172	1.50445e-07
2173	1.51123e-07
2174	1.50576e-07
2175	1.49775e-07
2176	1.49145e-07
2177	1.48567e-07
2178	1.48069e-07
2179	1.47577e-07
2180	1.47261e-07
2181	1.46793e-07
2182	1.46368e-07
2183	1.46085e-07
2184	1.45604e-07
2185	1.45171e-07
2186	1.44918e-07
2187	1.44404e-07
2188	1.43958e-07
2189	1.43565e-07
2190	1.43185e-07
2191	1.42794e-07
2192	1.42412e-07
2193	1.42001e-07
2194	1.41633e-07
2195	1.41231e-07
2196	1.41127e-07
2197	1.41159e-07
2198	1.40676e-07
2199	1.40015e-07
2200	1.39481e-07
2201	1.39063e-07
2202	1.38578e-07
2203	1.38173e-07
2204	1.37809e-07
2205	1.37422e-07
2206	1.37075e-07
2207	1.36682e-07
2208	1.36319e-07
2209	1.35925e-07
2210	1.35574e-07
2211	1.35189e-07
2212	1.34955e-07
2213	1.34484e-07
2214	1.34075e-07
2215	1.33716e-07
2216	1.33357e-07
2217	1.33001e-07
2218	1.32629e-07
2219	1.3227e-07
2220	1.3191e-07
2221	1.31544e-07
2222	1.31224e-07
2223	1.30827e-07
2224	1.30472e-07
2225	1.30133e-07
2226	1.29764e-07
2227	1.29411e-07
2228	1.29058e-07
2229	1.28708e-07
2230	1.28364e-07
2231	1.27999e-07
2232	1.2785e-07
2233	1.27382e-07
2234	1.26993e-07
2235	1.26634e-07
2236	1.26277e-07
2237	1.25953e-07
2238	1.25594e-07
2239	1.25261e-07
2240	1.24905e-07
2241	1.24576e-07
2242	1.24229e-07
2243	1.24102e-07
2244	1.23628e-07
2245	1.23211e-07
2246	1.22864e-07
2247	1.22645e-07
2248	1.2224e-07
2249	1.21865e-07
2250	1.21557e-07
2251	1.21221e-07
2252	1.2109e-07
2253	1.20637e-07
2254	1.20263e-07
2255	1.19921e-07
2256	1.19586e-07
2257	1.19304e-07
2258	1.18949e-07
2259	1.18614e-07
2260	1.18299e-07
2261	1.17967e-07
2262	1.17649e-07
2263	1.17366e-07
2264	1.17014e-07
2265	1.16691e-07
2266	1.16461e-07
2267	1.16077e-07
2268	1.15739e-07
2269	1.15446e-07
2270	1.15129e-07
2271	1.15235e-07
2272	1.14861e-07
2273	1.14394e-07
2274	1.14024e-07
2275	1.13671e-07
2276	1.13302e-07
2277	1.1296e-07
2278	1.12637e-07
2279	1.12488e-07
2280	1.1208e-07
2281	1.11737e-07
2282	1.11444e-07
2283	1.11112e-07
2284	1.1081e-07
2285	1.10506e-07
2286	1.10212e-07
2287	1.10095e-07
2288	1.0968e-07
2289	1.09315e-07
2290	1.09012e-07
2291	1.08804e-07
2292	1.08453e-07
2293	1.08128e-07
2294	1.07873e-07
2295	1.07568e-07
2296	1.07304e-07
2297	1.06984e-07
2298	1.06721e-07
2299	1.06408e-07
2300	1.06126e-07
2301	1.05826e-07
2302	1.05703e-07
2303	1.05314e-07
2304	1.04998e-07
2305	1.04713e-07
2306	1.04412e-07
2307	1.04127e-07
2308	1.03842e-07
2309	1.03571e-07
2310	1.03289e-07
2311	1.03009e-07
2312	1.02737e-07
2313	1.02449e-07
2314	1.02324e-07
2315	1.01952e-07
2316	1.0165e-07
2317	1.01388e-07
2318	1.01087e-07
2319	1.00804e-07
2320	1.00552e-07
2321	1.00262e-07
2322	1.00004e-07
2323	9.97236e-08
2324	9.94681e-08
2325	9.91902e-08
2326	9.89341e-08
2327	9.86564e-08
2328	9.84082e-08
2329	9.8129e-08
2330	9.80467e-08
2331	9.76659e-08
2332	9.7339e-08
2333	9.70626e-08
2334	9.69464e-08
2335	9.65986e-08
2336	9.62881e-08
2337	9.60271e-08
2338	9.57928e-08
2339	9.55196e-08
2340	9.52761e-08
2341	9.50084e-08
2342	9.49116e-08
2343	9.45525e-08
2344	9.42448e-08
2345	9.39813e-08
2346	9.37896e-08
2347	1.40821e-07
2348	1.27702e-07
2349	1.13457e-07
2350	1.0622e-07
2351	1.01308e-07
2352	9.74355e-08
2353	9.44204e-08
2354	9.29149e-08
2355	9.19613e-08
2356	9.15113e-08
2357	9.11721e-08
2358	9.08258e-08
2359	9.06492e-08
2360	9.0317e-08
2361	9.00808e-08
2362	8.9835e-08
2363	8.9574e-08
2364	8.93266e-08
2365	8.90912e-08
2366	8.88517e-08
2367	8.86229e-08
2368	9.15045e-08
2369	9.22702e-08
2370	8.96956e-08
2371	9.02188e-08
2372	8.90316e-08
2373	8.74805e-08
2374	8.68901e-08
2375	8.69776e-08
2376	8.67218e-08
2377	8.62572e-08
2378	8.6014e-08
2379	8.81313e-08
2380	8.65285e-08
2381	8.58104e-08
2382	8.53421e-08
2383	8.49755e-08
2384	8.46963e-08
2385	8.44519e-08
2386	8.42539e-08
2387	8.40132e-08
2388	8.37861e-08
2389	8.91088e-08
2390	8.94869e-08
2391	8.58346e-08
2392	8.62888e-08
2393	8.47021e-08
2394	8.30016e-08
2395	8.19194e-08
2396	8.23984e-08
2397	8.21775e-08
2398	8.15014e-08
2399	8.1302e-08
2400	8.12391e-08
2401	8.09521e-08
2402	8.06837e-08
2403	8.07021e-08
2404	1.32035e-07
2405	1.18655e-07
2406	1.00737e-07
2407	9.22845e-08
2408	8.88334e-08
2409	8.47652e-08
2410	8.21691e-08
2411	8.00345e-08
2412	7.94267e-08
2413	7.87938e-08
2414	7.82681e-08
2415	7.82185e-08
2416	7.79155e-08
2417	7.75913e-08
2418	7.8583e-08
2419	7.81336e-08
2420	7.75415e-08
2421	7.70295e-08
2422	7.66799e-08
2423	7.64028e-08
2424	7.61726e-08
2425	7.59537e-08
2426	7.59348e-08
2427	7.56368e-08
2428	7.53621e-08
2429	7.51383e-08
2430	9.3391e-08
2431	9.34628e-08
2432	8.56247e-08
2433	8.07475e-08
2434	8.06677e-08
2435	8.27836e-08
2436	8.09696e-08
2437	7.86347e-08
2438	7.58531e-08
2439	7.62497e-08
2440	7.41334e-08
2441	7.29083e-08
2442	7.29317e-08
2443	7.25748e-08
2444	7.20914e-08
2445	7.20574e-08
2446	7.19169e-08
2447	7.16341e-08
2448	7.14298e-08
2449	7.12848e-08
2450	7.12127e-08
2451	7.09348e-08
2452	7.07231e-08
2453	7.05428e-08
2454	7.03407e-08
2455	7.0149e-08
2456	6.99681e-08
2457	6.97839e-08
2458	6.98322e-08
2459	6.9576e-08
2460	6.93319e-08
2461	6.91052e-08
2462	6.89998e-08
2463	1.1376e-07
2464	1.00552e-07
2465	8.67653e-08
2466	8.19091e-08
2467	7.53317e-08
2468	7.29088e-08
2469	6.99611e-08
2470	6.84471e-08
2471	6.76483e-08
2472	6.73833e-08
2473	6.71658e-08
2474	6.68241e-08
2475	6.65751e-08
2476	6.65044e-08
2477	6.71364e-08
2478	6.6424e-08
2479	6.60308e-08
2480	6.57529e-08
2481	6.55436e-08
2482	6.53628e-08
2483	6.52001e-08
2484	6.50239e-08
2485	6.49625e-08
2486	6.47274e-08
2487	6.45327e-08
2488	6.45625e-08
2489	6.43564e-08
2490	6.40935e-08
2491	6.39496e-08
2492	6.37727e-08
2493	6.35652e-08
2494	6.33584e-08
2495	6.32102e-08
2496	6.30397e-08
2497	6.29993e-08
2498	6.27588e-08
2499	6.44734e-08
2500	6.39748e-08
2501	6.35141e-08
2502	6.28337e-08
2503	6.23085e-08
2504	6.19292e-08
2505	6.16499e-08
2506	6.1556e-08
2507	6.13122e-08
2508	6.11164e-08
2509	6.09656e-08
2510	6.0787e-08
2511	6.06243e-08
2512	6.05417e-08
2513	6.03377e-08
2514	6.01535e-08
2515	5.99964e-08
2516	5.98626e-08
2517	5.96936e-08
2518	5.95357e-08
2519	5.93976e-08
2520	5.92313e-08
2521	5.90775e-08
2522	7.70284e-08
2523	7.34594e-08
2524	6.67036e-08
2525	6.36739e-08
2526	6.20039e-08
2527	5.99342e-08
2528	5.84706e-08
2529	5.83617e-08
2530	5.80928e-08
2531	5.76223e-08
2532	5.74508e-08
2533	5.73908e-08
2534	5.71378e-08
2535	5.69668e-08
2536	5.69402e-08
2537	5.674e-08
2538	5.65462e-08
2539	5.64009e-08
2540	5.63065e-08
2541	5.61342e-08
2542	5.59731e-08
2543	5.58496e-08
2544	5.56991e-08
2545	5.55987e-08
2546	5.54202e-08
2547	5.5263e-08
2548	5.5128e-08
2549	5.49865e-08
2550	5.48572e-08
2551	5.47036e-08
2552	5.46141e-08
2553	5.44394e-08
2554	5.4292e-08
2555	5.41581e-08
2556	5.40108e-08
2557	5.39435e-08
2558	5.37595e-08
2559	5.36068e-08
2560	5.35824e-08
2561	5.3393e-08
2562	5.32125e-08
2563	5.3066e-08
2564	5.29258e-08
2565	5.27864e-08
2566	5.26659e-08
2567	5.25167e-08
2568	5.23805e-08
2569	1.16015e-07
2570	9.6396e-08
2571	8.14577e-08
2572	6.88523e-08
2573	6.01857e-08
2574	5.91661e-08
2575	5.44596e-08
2576	5.37385e-08
2577	5.21e-08
2578	5.12683e-08
2579	5.14498e-08
2580	5.10201e-08
2581	5.05316e-08
2582	5.05921e-08
2583	5.05268e-08
2584	5.02692e-08
2585	5.01629e-08
2586	5.00702e-08
2587	4.99419e-08
2588	4.97883e-08
2589	4.96626e-08
2590	4.9582e-08
2591	4.94278e-08
2592	4.92938e-08
2593	4.91664e-08
2594	4.90486e-08
2595	4.89153e-08
2596	4.87938e-08
2597	4.86689e-08
2598	4.85492e-08
2599	4.84289e-08
2600	4.82997e-08
2601	4.81812e-08
2602	4.80568e-08
2603	4.79389e-08
2604	4.78163e-08
2605	4.7694e-08
2606	4.76378e-08
2607	4.74942e-08
2608	4.73502e-08
2609	4.73139e-08
2610	4.71489e-08
2611	4.69853e-08
2612	4.68463e-08
2613	4.67639e-08
2614	4.66338e-08
2615	4.65353e-08
2616	4.63947e-08
2617	4.62717e-08
2618	4.61665e-08
2619	4.60447e-08
2620	4.59747e-08
2621	4.58266e-08
2622	4.57044e-08
2623	4.55901e-08
2624	4.54714e-08
2625	4.53611e-08
2626	4.52433e-08
2627	4.5132e-08
2628	4.50234e-08
2629	4.49039e-08
2630	4.47959e-08
2631	4.46809e-08
2632	4.45731e-08
2633	4.44634e-08
2634	4.43473e-08
2635	4.42384e-08
2636	4.41276e-08
2637	4.40187e-08
2638	4.39207e-08
2639	4.3798e-08
2640	4.36868e-08
2641	4.36539e-08
2642	4.35093e-08
2643	4.33647e-08
2644	4.32438e-08
2645	4.31761e-08
2646	4.30495e-08
2647	4.42891e-08
2648	4.47725e-08
2649	4.38312e-08
2650	4.35885e-08
2651	4.30202e-08
2652	6.2581e-08
2653	6.2089e-08
2654	5.45055e-08
2655	5.05724e-08
2656	4.6728e-08
2657	4.55257e-08
2658	4.3455e-08
2659	4.26918e-08
2660	4.22515e-08
2661	4.17473e-08
2662	4.14419e-08
2663	4.13141e-08
2664	4.11893e-08
2665	4.10955e-08
2666	4.09991e-08
2667	4.08803e-08
2668	4.07789e-08
2669	4.06949e-08
2670	4.05851e-08
2671	4.04636e-08
2672	4.03903e-08
2673	4.02803e-08
2674	4.02375e-08
2675	4.01084e-08
2676	3.9992e-08
2677	3.99079e-08
2678	3.97929e-08
2679	3.9684e-08
2680	3.95939e-08
2681	3.94969e-08
2682	3.93983e-08
2683	3.93164e-08
2684	3.92052e-08
2685	3.91187e-08
2686	3.90112e-08
2687	3.89123e-08
2688	3.88815e-08
2689	4.09212e-08
2690	4.11518e-08
2691	3.95807e-08
2692	4.00123e-08
2693	3.93797e-08
2694	3.8543e-08
2695	5.33812e-08
2696	5.01879e-08
2697	4.46916e-08
2698	4.20959e-08
2699	4.02101e-08
2700	3.93228e-08
2701	3.822e-08
2702	3.78331e-08
2703	3.76495e-08
2704	3.73287e-08
2705	3.72382e-08
2706	3.72085e-08
2707	3.70619e-08
2708	3.69505e-08
2709	3.68988e-08
2710	3.68046e-08
2711	3.66879e-08
2712	3.66221e-08
2713	3.65075e-08
2714	3.76894e-08
2715	3.76364e-08
2716	3.68084e-08
2717	3.67965e-08
2718	3.66058e-08
2719	3.60989e-08
2720	3.58424e-08
2721	3.57813e-08
2722	3.5754e-08
2723	3.56364e-08
2724	3.55072e-08
2725	3.54446e-08
2726	3.53539e-08
2727	3.52588e-08
2728	3.52326e-08
2729	3.51127e-08
2730	3.50082e-08
2731	3.49175e-08
2732	3.48497e-08
2733	3.47608e-08
2734	3.46898e-08
2735	3.45923e-08
2736	3.45375e-08
2737	3.44307e-08
2738	3.43386e-08
2739	3.4257e-08
2740	6.84803e-08
2741	6.08528e-08
2742	4.99804e-08
2743	4.35838e-08
2744	3.9569e-08
2745	3.73366e-08
2746	3.56353e-08
2747	3.46813e-08
2748	3.40333e-08
2749	3.37959e-08
2750	3.35085e-08
2751	3.33372e-08
2752	3.32188e-08
2753	3.31489e-08
2754	3.30741e-08
2755	3.30023e-08
2756	3.29113e-08
2757	3.28671e-08
2758	3.27668e-08
2759	3.26847e-08
2760	3.26112e-08
2761	5.4475e-08
2762	1.26775e-07
2763	9.20857e-08
2764	1.50219e-07
2765	9.86307e-08
2766	7.60134e-08
2767	1.01656e-07
2768	4.91389e-08
2769	4.25891e-08
2770	5.19695e-08
2771	4.00681e-08
2772	3.48627e-08
2773	3.44693e-08
2774	3.43415e-08
2775	3.23612e-08
2776	3.52949e-08
2777	3.52044e-08
2778	3.3352e-08
2779	3.27271e-08
2780	3.19335e-08
2781	3.16044e-08
2782	3.14101e-08
2783	3.13047e-08
2784	3.12307e-08
2785	3.10425e-08
2786	3.08576e-08
2787	3.07289e-08
2788	3.06437e-08
2789	3.05194e-08
2790	3.04662e-08
2791	3.03485e-08
2792	3.02473e-08
2793	3.01597e-08
2794	3.00896e-08
2795	3.00148e-08
2796	2.99345e-08
2797	2.98652e-08
2798	2.97737e-08
2799	2.96823e-08
2800	2.95944e-08
2801	2.95129e-08
2802	2.94376e-08
2803	2.93727e-08
2804	2.92962e-08
2805	2.92235e-08
2806	2.91613e-08
2807	3.29507e-08
2808	3.25682e-08
2809	3.0808e-08
2810	3.00953e-08
2811	2.98126e-08
2812	2.9262e-08
2813	2.88088e-08
2814	2.87119e-08
2815	2.86399e-08
2816	2.8459e-08
2817	2.83861e-08
2818	2.83549e-08
2819	2.82802e-08
2820	2.81967e-08
2821	2.81389e-08
2822	2.80852e-08
2823	2.80113e-08
2824	2.79399e-08
2825	2.78799e-08
2826	2.78165e-08
2827	2.775e-08
2828	2.7687e-08
2829	2.76215e-08
2830	2.75574e-08
2831	2.75156e-08
2832	2.74338e-08
2833	2.73704e-08
2834	2.73018e-08
2835	2.72563e-08
2836	2.71871e-08
2837	2.71198e-08
2838	2.70534e-08
2839	2.70193e-08
2840	2.69338e-08
2841	2.68633e-08
2842	2.67996e-08
2843	2.67442e-08
2844	2.66859e-08
2845	3.0432e-08
2846	2.98231e-08
2847	2.82456e-08
2848	2.81365e-08
2849	2.70907e-08
2850	2.71223e-08
2851	2.63601e-08
2852	2.62973e-08
2853	2.62538e-08
2854	2.60906e-08
2855	2.60091e-08
2856	2.60022e-08
2857	2.59398e-08
2858	2.58359e-08
2859	2.58008e-08
2860	2.57376e-08
2861	2.56719e-08
2862	2.56409e-08
2863	2.55715e-08
2864	2.55129e-08
2865	2.54501e-08
2866	2.53944e-08
2867	2.53616e-08
2868	2.52886e-08
2869	2.52278e-08
2870	2.51721e-08
2871	2.5123e-08
2872	2.50773e-08
2873	2.50175e-08
2874	2.49593e-08
2875	2.49079e-08
2876	2.48666e-08
2877	2.48083e-08
2878	2.47627e-08
2879	2.47061e-08
2880	2.46559e-08
2881	2.46391e-08
2882	2.45702e-08
2883	2.45174e-08
2884	2.44633e-08
2885	2.44395e-08
2886	2.43757e-08
2887	2.43309e-08
2888	2.4279e-08
2889	2.8815e-08
2890	2.78251e-08
2891	2.60269e-08
2892	2.59156e-08
2893	2.48591e-08
2894	2.47429e-08
2895	2.41526e-08
2896	2.41458e-08
2897	2.41091e-08
2898	2.39516e-08
2899	2.38547e-08
2900	2.38536e-08
2901	2.38322e-08
2902	2.38007e-08
2903	2.37825e-08
2904	2.37701e-08
2905	2.37511e-08
2906	2.37399e-08
2907	2.37479e-08
2908	2.37406e-08
2909	2.37448e-08
2910	2.37518e-08
2911	2.37821e-08
2912	2.37907e-08
2913	2.38219e-08
2914	2.38543e-08
2915	2.38959e-08
2916	2.39461e-08
2917	2.40113e-08
2918	2.41046e-08
2919	2.41934e-08
2920	2.43404e-08
2921	4.82745e-08
2922	4.12508e-08
2923	3.61755e-08
2924	3.10467e-08
2925	1.31801e-07
2926	1.04799e-07
2927	8.354e-08
2928	6.75791e-08
2929	1.07353e-07
2930	1.11391e-07
2931	9.54386e-08
2932	7.30909e-08
2933	6.55443e-08
2934	7.40054e-08
2935	1.30043e-07
2936	9.14382e-08
2937	9.69268e-08
2938	7.38644e-08
2939	1.40376e-07
2940	2.08051e-07
2941	1.74515e-07
2942	2.0308e-07
2943	1.72372e-07
2944	1.32764e-07
2945	1.58223e-07
2946	1.18854e-07
2947	1.03105e-07
2948	1.17555e-07
2949	9.53715e-08
2950	1.31065e-07
2951	1.10523e-07
2952	2.24895e-07
2953	1.82751e-07
2954	1.31709e-07
2955	7.75126e-08
2956	7.45467e-08
2957	4.92668e-08
2958	4.3431e-08
2959	3.12393e-08
2960	3.01363e-08
2961	2.64071e-08
2962	2.36928e-08
2963	2.18989e-08
2964	2.20523e-08
2965	2.10663e-08
2966	2.09085e-08
2967	2.08447e-08
2968	2.06635e-08
2969	2.04063e-08
2970	2.04183e-08
2971	2.03641e-08
2972	2.02754e-08
2973	2.02287e-08
2974	2.01504e-08
2975	2.01007e-08
2976	2.0043e-08
2977	1.99803e-08
2978	1.99375e-08
2979	1.98808e-08
2980	1.98212e-08
2981	1.9788e-08
2982	1.97395e-08
2983	1.96771e-08
2984	1.96269e-08
2985	1.95784e-08
2986	1.956e-08
2987	1.94937e-08
2988	1.94353e-08
2989	1.93822e-08
2990	1.9348e-08
2991	1.92784e-08
2992	1.92395e-08
2993	1.92139e-08
2994	1.91596e-08
2995	1.91177e-08
2996	1.90805e-08
2997	1.90324e-08
2998	1.89831e-08
2999	1.89452e-08
3000	1.89259e-08
3001	1.8866e-08
3002	1.88247e-08
3003	1.8779e-08
3004	1.873e-08
3005	1.86965e-08
3006	1.86504e-08
3007	1.86032e-08
3008	1.85659e-08
3009	1.85291e-08
3010	1.84814e-08
3011	1.84441e-08
3012	1.84057e-08
3013	1.83622e-08
3014	1.83257e-08
3015	1.82823e-08
3016	1.82439e-08
3017	1.82187e-08
3018	1.81684e-08
3019	1.81182e-08
3020	1.80752e-08
3021	1.80456e-08
3022	1.80113e-08
3023	1.79609e-08
3024	1.79236e-08
3025	1.78854e-08
3026	1.78605e-08
3027	1.78128e-08
3028	1.77723e-08
3029	3.35334e-08
3030	2.96014e-08
3031	2.46692e-08
3032	2.75693e-08
3033	2.43551e-08
3034	2.20143e-08
3035	2.01754e-08
3036	1.89683e-08
3037	1.85507e-08
3038	1.85032e-08
3039	1.83785e-08
3040	1.76535e-08
3041	1.76105e-08
3042	1.74467e-08
3043	1.7393e-08
3044	1.72352e-08
3045	1.71956e-08
3046	1.71167e-08
3047	1.70825e-08
3048	1.69952e-08
3049	1.69943e-08
3050	1.69563e-08
3051	1.69131e-08
3052	1.68878e-08
3053	1.68454e-08
3054	1.68062e-08
3055	5.64786e-08
3056	4.31593e-08
3057	4.70565e-08
3058	2.53029e-08
3059	2.07874e-08
3060	2.69664e-08
3061	1.72125e-08
3062	1.76408e-08
3063	1.77523e-08
3064	1.63604e-08
3065	1.64329e-08
3066	1.0206e-07
3067	1.37294e-07
3068	1.51438e-07
3069	1.22343e-07
3070	7.40481e-08
3071	6.54938e-08
3072	4.24884e-08
3073	4.75364e-08
3074	2.73724e-08
3075	2.5073e-08
3076	2.50485e-08
3077	1.89833e-08
3078	1.99079e-08
3079	1.80396e-08
3080	1.74369e-08
3081	1.66981e-08
3082	1.69593e-08
3083	1.68019e-08
3084	1.65832e-08
3085	1.65257e-08
3086	1.6379e-08
3087	1.64288e-08
3088	1.63595e-08
3089	1.6259e-08
3090	1.62169e-08
3091	1.61824e-08
3092	1.6115e-08
3093	1.60664e-08
3094	1.60235e-08
3095	1.59646e-08
3096	1.59208e-08
3097	1.58662e-08
3098	1.58285e-08
3099	1.57825e-08
3100	1.57301e-08
3101	1.56771e-08
3102	1.56483e-08
3103	1.55955e-08
3104	1.55563e-08
3105	1.55172e-08
3106	1.54686e-08
3107	1.54205e-08
3108	1.53866e-08
3109	1.84322e-08
3110	1.83051e-08
3111	1.70063e-08
3112	1.66745e-08
3113	1.579e-08
3114	1.56435e-08
3115	1.53424e-08
3116	1.51888e-08
3117	1.50691e-08
3118	1.50084e-08
3119	1.4968e-08
3120	1.49716e-08
3121	1.48729e-08
3122	1.48317e-08
3123	1.48185e-08
3124	1.47992e-08
3125	1.47348e-08
3126	1.47163e-08
3127	1.46717e-08
3128	1.46468e-08
3129	1.46031e-08
3130	1.45796e-08
3131	1.45389e-08
3132	1.45032e-08
3133	1.44764e-08
3134	1.44392e-08
3135	1.44088e-08
3136	1.43602e-08
3137	1.43468e-08
3138	1.4311e-08
3139	1.42827e-08
3140	1.42415e-08
3141	1.42112e-08
3142	1.41819e-08
3143	1.41434e-08
3144	1.41195e-08
3145	1.40754e-08
3146	1.40613e-08
3147	1.40331e-08
3148	1.39904e-08
3149	1.39653e-08
3150	1.39407e-08
3151	1.38998e-08
3152	1.38679e-08
3153	1.38398e-08
3154	1.38131e-08
3155	1.3769e-08
3156	1.37624e-08
3157	1.37383e-08
3158	1.37069e-08
3159	1.36615e-08
3160	1.36356e-08
3161	1.3598e-08
3162	1.35915e-08
3163	1.35515e-08
3164	1.35193e-08
3165	1.34831e-08
3166	1.3474e-08
3167	1.34335e-08
3168	1.34152e-08
3169	1.3374e-08
3170	1.33626e-08
3171	1.33293e-08
3172	1.32947e-08
3173	1.32585e-08
3174	1.32355e-08
3175	1.32101e-08
3176	1.31726e-08
3177	1.93394e-08
3178	1.8694e-08
3179	1.68736e-08
3180	1.54342e-08
3181	1.43896e-08
3182	1.40826e-08
3183	1.35494e-08
3184	1.32613e-08
3185	1.30322e-08
3186	1.29293e-08
3187	1.29749e-08
3188	1.29032e-08
3189	1.28398e-08
3190	1.28087e-08
3191	1.2794e-08
3192	1.27552e-08
3193	1.27276e-08
3194	1.27067e-08
3195	2.25363e-08
3196	2.0108e-08
3197	1.74172e-08
3198	1.54292e-08
3199	1.40186e-08
3200	1.34702e-08
3201	1.30669e-08
3202	1.27305e-08
3203	1.25384e-08
3204	1.25231e-08
3205	1.52703e-08
3206	1.50795e-08
3207	1.40228e-08
3208	1.35156e-08
3209	1.29092e-08
3210	1.28043e-08
3211	1.25169e-08
3212	1.24103e-08
3213	1.22122e-08
3214	1.22477e-08
3215	1.221e-08
3216	1.21708e-08
3217	1.21282e-08
3218	1.21075e-08
3219	1.2067e-08
3220	1.20775e-08
3221	1.20367e-08
3222	1.20243e-08
3223	1.19857e-08
3224	1.1985e-08
3225	1.19561e-08
3226	1.19198e-08
3227	1.18965e-08
3228	1.18683e-08
3229	1.18596e-08
3230	1.1832e-08
3231	1.18023e-08
3232	1.17759e-08
3233	1.17518e-08
3234	1.17388e-08
3235	1.1706e-08
3236	1.16886e-08
3237	1.16581e-08
3238	1.16538e-08
3239	1.1622e-08
3240	1.16024e-08
3241	1.15699e-08
3242	1.15605e-08
3243	1.15313e-08
3244	1.15193e-08
3245	1.14887e-08
3246	1.14648e-08
3247	1.14372e-08
3248	1.14136e-08
3249	1.13979e-08
3250	1.13709e-08
3251	1.13521e-08
3252	1.13274e-08
3253	1.13213e-08
3254	1.12948e-08
3255	1.12682e-08
3256	1.12482e-08
3257	1.12197e-08
3258	1.12165e-08
3259	1.11929e-08
3260	1.11625e-08
3261	1.11357e-08
3262	1.11106e-08
3263	1.11002e-08
3264	1.11418e-08
3265	1.10853e-08
3266	1.10509e-08
3267	1.10217e-08
3268	1.10075e-08
3269	1.09714e-08
3270	1.09603e-08
3271	1.71735e-08
3272	1.63587e-08
3273	1.46921e-08
3274	1.3454e-08
3275	1.24508e-08
3276	1.20665e-08
3277	1.13935e-08
3278	1.1204e-08
3279	1.07554e-08
3280	1.07708e-08
3281	1.07444e-08
3282	1.07445e-08
3283	1.0659e-08
3284	1.06503e-08
3285	1.06287e-08
3286	1.06277e-08
3287	1.05878e-08
3288	1.05722e-08
3289	1.12017e-08
3290	1.12416e-08
3291	1.08271e-08
3292	1.07994e-08
3293	1.06606e-08
3294	1.05681e-08
3295	1.04419e-08
3296	1.04353e-08
3297	1.04115e-08
3298	1.03898e-08
3299	1.03547e-08
3300	1.03614e-08
3301	1.03264e-08
3302	1.0303e-08
3303	1.02862e-08
3304	1.02658e-08
3305	1.02555e-08
3306	1.02285e-08
3307	1.02195e-08
3308	1.01896e-08
3309	1.0185e-08
3310	1.01571e-08
3311	1.01358e-08
3312	1.01128e-08
3313	1.0093e-08
3314	1.00844e-08
3315	1.00578e-08
3316	1.00438e-08
3317	1.00178e-08
3318	1.00146e-08
3319	9.9886e-09
3320	9.9709e-09
3321	9.94362e-09
3322	9.93296e-09
3323	9.90847e-09
3324	9.89965e-09
3325	9.87428e-09
3326	1.00671e-08
3327	1.01599e-08
3328	9.90967e-09
3329	9.92464e-09
3330	9.84905e-09
3331	9.78432e-09
3332	9.74038e-09
3333	9.74152e-09
3334	9.72278e-09
3335	9.6869e-09
3336	9.67654e-09
3337	9.65679e-09
3338	9.65044e-09
3339	9.62496e-09
3340	9.61244e-09
3341	9.5862e-09
3342	9.57765e-09
3343	9.55259e-09
3344	9.54984e-09
3345	9.52599e-09
3346	9.50624e-09
3347	9.48779e-09
3348	9.46815e-09
3349	9.45882e-09
3350	9.43364e-09
3351	9.43139e-09
3352	9.41034e-09
3353	9.38741e-09
3354	9.3765e-09
3355	9.3541e-09
3356	9.34076e-09
3357	9.31298e-09
3358	9.30926e-09
3359	9.28475e-09
3360	9.27884e-09
3361	9.25188e-09
3362	9.24083e-09
3363	9.21409e-09
3364	9.2086e-09
3365	9.18407e-09
3366	9.18071e-09
3367	9.1575e-09
3368	9.13812e-09
3369	9.12453e-09
3370	9.10388e-09
3371	9.09119e-09
3372	9.06738e-09
3373	9.06542e-09
3374	9.04425e-09
3375	9.02416e-09
3376	9.0073e-09
3377	8.98849e-09
3378	8.98564e-09
3379	8.96248e-09
3380	8.94608e-09
3381	8.92515e-09
3382	8.91004e-09
3383	8.89801e-09
3384	8.87641e-09
3385	8.8712e-09
3386	8.84841e-09
3387	8.84619e-09
3388	8.82887e-09
3389	8.80664e-09
3390	8.78783e-09
3391	1.43512e-08
3392	1.31794e-08
3393	1.16892e-08
3394	1.06496e-08
3395	9.73843e-09
3396	9.5773e-09
3397	8.9028e-09
3398	8.97727e-09
3399	8.61219e-09
3400	8.69386e-09
3401	8.66398e-09
3402	8.65251e-09
3403	8.54881e-09
3404	8.58906e-09
3405	8.55486e-09
3406	8.55149e-09
3407	8.5222e-09
3408	8.52842e-09
3409	8.5033e-09
3410	8.49273e-09
3411	8.46939e-09
3412	8.4589e-09
3413	8.44203e-09
3414	8.42834e-09
3415	8.41934e-09
3416	8.40359e-09
3417	8.38442e-09
3418	8.36786e-09
3419	8.35242e-09
3420	8.34026e-09
3421	8.32156e-09
3422	8.31298e-09
3423	8.29319e-09
3424	8.29358e-09
3425	8.27553e-09
3426	8.25725e-09
3427	8.24918e-09
3428	8.2318e-09
3429	8.21489e-09
3430	8.19621e-09
3431	8.18239e-09
3432	8.1738e-09
3433	8.15337e-09
3434	8.1476e-09
3435	8.12727e-09
3436	8.12629e-09
3437	8.11508e-09
3438	8.0998e-09
3439	8.07353e-09
3440	8.06195e-09
3441	8.04481e-09
3442	8.04227e-09
3443	8.02166e-09
3444	8.0074e-09
3445	7.98995e-09
3446	7.97653e-09
3447	7.96605e-09
3448	7.94803e-09
3449	7.94658e-09
3450	7.92719e-09
3451	7.91455e-09
3452	7.8951e-09
3453	7.88542e-09
3454	7.8696e-09
3455	7.85728e-09
3456	7.84256e-09
3457	7.83152e-09
3458	7.8165e-09
3459	7.80542e-09
3460	7.79057e-09
3461	7.7803e-09
3462	7.76442e-09
3463	7.75638e-09
3464	7.73909e-09
3465	7.73566e-09
3466	7.71588e-09
3467	7.70785e-09
3468	7.68724e-09
3469	7.68535e-09
3470	7.66511e-09
3471	7.65496e-09
3472	7.63573e-09
3473	7.63074e-09
3474	7.61218e-09
3475	7.6093e-09
3476	7.5896e-09
3477	7.57784e-09
3478	7.56054e-09
3479	7.54982e-09
3480	7.53709e-09
3481	7.52295e-09
3482	7.51442e-09
3483	7.51125e-09
3484	7.51914e-09
3485	7.50481e-09
3486	7.49652e-09
3487	7.47661e-09
3488	7.47848e-09
3489	7.45721e-09
3490	7.45554e-09
3491	7.43935e-09
3492	7.42283e-09
3493	7.40787e-09
3494	7.39328e-09
3495	7.38957e-09
3496	7.37083e-09
3497	7.36368e-09
3498	7.34469e-09
3499	7.34263e-09
3500	7.32297e-09
3501	7.31299e-09
3502	7.29534e-09
3503	7.28867e-09
3504	7.27154e-09
3505	7.26867e-09
3506	7.24835e-09
3507	7.2463e-09
3508	7.22463e-09
3509	7.22207e-09
3510	7.20078e-09
3511	7.1986e-09
3512	7.17707e-09
3513	7.17542e-09
3514	7.15407e-09
3515	7.15134e-09
3516	7.1304e-09
3517	7.12938e-09
3518	7.10811e-09
3519	7.10375e-09
3520	7.08337e-09
3521	7.41996e-09
3522	7.48238e-09
3523	7.2901e-09
3524	7.2355e-09
3525	7.16458e-09
3526	7.10199e-09
3527	7.00123e-09
3528	7.02356e-09
3529	6.98917e-09
3530	6.98048e-09
3531	6.95794e-09
3532	6.96411e-09
3533	6.93329e-09
3534	6.93021e-09
3535	6.90906e-09
3536	6.92023e-09
3537	6.89093e-09
3538	6.8888e-09
3539	6.86711e-09
3540	6.86475e-09
3541	6.84664e-09
3542	6.83963e-09
3543	6.82781e-09
3544	6.81756e-09
3545	6.81178e-09
3546	6.79792e-09
3547	6.78931e-09
3548	6.77332e-09
3549	6.76954e-09
3550	6.75338e-09
3551	6.74666e-09
3552	6.72989e-09
3553	6.72728e-09
3554	6.71103e-09
3555	6.70153e-09
3556	6.688e-09
3557	6.68264e-09
3558	6.66772e-09
3559	6.66272e-09
3560	6.64719e-09
3561	6.63949e-09
3562	6.62478e-09
3563	6.6212e-09
3564	6.60462e-09
3565	6.59875e-09
3566	6.58077e-09
3567	6.58115e-09
3568	6.56249e-09
3569	6.55881e-09
3570	6.5404e-09
3571	6.54023e-09
3572	6.52116e-09
3573	6.51672e-09
3574	6.49955e-09
3575	6.49701e-09
3576	6.48096e-09
3577	6.47841e-09
3578	6.45917e-09
3579	6.45918e-09
3580	6.439e-09
3581	6.43859e-09
3582	6.41829e-09
3583	6.42007e-09
3584	6.39891e-09
3585	6.39868e-09
3586	6.37833e-09
3587	6.37952e-09
3588	6.36039e-09
3589	6.36627e-09
3590	6.3479e-09
3591	6.3408e-09
3592	6.32261e-09
3593	6.32032e-09
3594	6.30166e-09
3595	6.29862e-09
3596	6.2783e-09
3597	6.27959e-09
3598	6.26068e-09
3599	6.25866e-09
3600	6.24024e-09
3601	6.24045e-09
3602	6.2221e-09
3603	6.22015e-09
3604	6.20316e-09
3605	6.20252e-09
3606	6.18589e-09
3607	6.18031e-09
3608	6.16556e-09
3609	6.16292e-09
3610	6.14807e-09
3611	6.14382e-09
3612	6.12742e-09
3613	6.12723e-09
3614	6.10956e-09
3615	6.10669e-09
3616	6.08922e-09
3617	6.09051e-09
3618	6.07144e-09
3619	6.07138e-09
3620	6.0514e-09
3621	6.05439e-09
3622	6.03508e-09
3623	6.03363e-09
3624	6.01539e-09
3625	6.01787e-09
3626	5.99773e-09
3627	5.99817e-09
3628	5.97644e-09
3629	5.97765e-09
3630	5.95739e-09
3631	5.95758e-09
3632	5.93694e-09
3633	5.94116e-09
3634	5.92029e-09
3635	5.92176e-09
3636	5.90214e-09
3637	5.90445e-09
3638	5.88532e-09
3639	5.88588e-09
3640	5.8657e-09
3641	5.87017e-09
3642	5.84916e-09
3643	5.85016e-09
3644	5.83183e-09
3645	5.83359e-09
3646	5.81536e-09
3647	5.81497e-09
3648	5.79721e-09
3649	5.79869e-09
3650	5.78181e-09
3651	5.77904e-09
3652	5.76322e-09
3653	5.76404e-09
3654	5.74678e-09
3655	5.7452e-09
3656	5.72872e-09
3657	5.72944e-09
3658	3.511e-08
3659	3.73223e-08
3660	2.89699e-08
3661	2.07192e-08
3662	4.2047e-08
3663	4.02649e-08
3664	2.81886e-08
3665	4.68317e-08
3666	4.48855e-08
3667	4.54945e-08
3668	4.13386e-08
3669	4.2033e-08
3670	2.98134e-08
3671	4.45467e-08
3672	4.31041e-08
3673	3.0289e-08
3674	2.53521e-08
3675	4.34258e-08
3676	4.2126e-08
3677	2.90179e-08
3678	2.1347e-08
3679	1.74952e-08
3680	1.20536e-08
3681	9.8766e-09
3682	8.28267e-09
3683	7.08286e-09
3684	6.26682e-09
3685	6.19995e-09
3686	5.54727e-09
3687	5.75159e-09
3688	5.54345e-09
3689	5.41419e-09
3690	5.49023e-09
3691	5.49282e-09
3692	5.41033e-09
3693	5.45559e-09
3694	5.41011e-09
3695	5.43883e-09
3696	5.38825e-09
3697	5.41178e-09
3698	5.3769e-09
3699	5.40275e-09
3700	5.36123e-09
3701	5.38092e-09
3702	5.34879e-09
3703	5.36658e-09
3704	5.33311e-09
3705	5.34972e-09
3706	5.31926e-09
3707	5.33366e-09
3708	5.30463e-09
3709	5.31766e-09
3710	5.29015e-09
3711	5.30185e-09
3712	5.27574e-09
3713	5.28609e-09
3714	5.26114e-09
3715	5.27069e-09
3716	5.24664e-09
3717	5.25494e-09
3718	5.23203e-09
3719	5.23994e-09
3720	5.21747e-09
3721	5.22362e-09
3722	5.20277e-09
3723	5.20876e-09
3724	5.18821e-09
3725	5.19367e-09
3726	5.17377e-09
3727	5.17872e-09
3728	5.15938e-09
3729	5.16391e-09
3730	5.14494e-09
3731	5.1491e-09
3732	5.13063e-09
3733	5.13432e-09
3734	5.11635e-09
3735	5.11976e-09
3736	5.10207e-09
3737	5.10514e-09
3738	5.08782e-09
3739	5.09065e-09
3740	5.07369e-09
3741	5.0762e-09
3742	5.05956e-09
3743	5.06196e-09
3744	5.04554e-09
3745	5.04765e-09
3746	5.03153e-09
3747	5.03347e-09
3748	5.0176e-09
3749	5.01937e-09
3750	5.00363e-09
3751	5.00527e-09
3752	4.98979e-09
3753	4.99133e-09
3754	4.97593e-09
3755	4.97735e-09
3756	4.96255e-09
3757	4.95616e-09
3758	4.93159e-09
3759	4.94759e-09
3760	4.94044e-09
3761	4.93199e-09
3762	4.92411e-09
3763	4.91955e-09
3764	4.91004e-09
3765	4.88672e-09
3766	4.90853e-09
3767	4.8946e-09
3768	4.8908e-09
3769	4.85601e-09
3770	4.88882e-09
3771	4.87054e-09
3772	4.85462e-09
3773	4.84361e-09
3774	4.82548e-09
3775	1.44993e-08
3776	1.33604e-08
3777	1.1753e-08
3778	9.06171e-09
3779	7.44105e-09
3780	6.57863e-09
3781	5.43212e-09
3782	5.1287e-09
3783	5.31572e-09
3784	4.75105e-09
3785	4.81314e-09
3786	4.79682e-09
3787	4.80554e-09
3788	4.74329e-09
3789	4.78419e-09
3790	4.70177e-09
3791	4.77768e-09
3792	4.70194e-09
3793	4.74488e-09
3794	4.6852e-09
3795	4.73902e-09
3796	4.67605e-09
3797	4.71464e-09
3798	4.64829e-09
3799	4.71022e-09
3800	4.65554e-09
3801	4.69311e-09
3802	4.64319e-09
3803	4.67969e-09
3804	4.629e-09
3805	4.66035e-09
3806	4.60303e-09
3807	4.66987e-09
3808	4.61352e-09
3809	4.64217e-09
3810	4.59651e-09
3811	4.6319e-09
3812	4.58118e-09
3813	4.60684e-09
3814	4.5537e-09
3815	4.60516e-09
3816	4.55874e-09
3817	4.5883e-09
3818	4.54795e-09
3819	4.57705e-09
3820	4.52039e-09
3821	4.56729e-09
3822	4.52744e-09
3823	4.56248e-09
3824	4.51709e-09
3825	4.54754e-09
3826	4.50387e-09
3827	4.52868e-09
3828	4.47248e-09
3829	4.52228e-09
3830	4.48041e-09
3831	4.51313e-09
3832	4.44661e-09
3833	4.49652e-09
3834	4.45371e-09
3835	4.49308e-09
3836	4.42387e-09
3837	4.49243e-09
3838	4.43508e-09
3839	4.46277e-09
3840	4.41775e-09
3841	4.45334e-09
3842	4.40616e-09
3843	4.4229e-09
3844	4.39222e-09
3845	4.43156e-09
3846	4.39044e-09
3847	4.41619e-09
3848	4.37085e-09
3849	4.38731e-09
3850	4.35238e-09
3851	4.3958e-09
3852	4.34387e-09
3853	4.37318e-09
3854	4.31517e-09
3855	4.37075e-09
3856	4.31983e-09
3857	4.35682e-09
3858	4.31091e-09
3859	4.34482e-09
3860	4.28443e-09
3861	4.33883e-09
3862	4.29119e-09
3863	4.33986e-09
3864	6.80412e-09
3865	6.49899e-09
3866	6.8328e-09
3867	5.84834e-09
3868	5.24837e-09
3869	5.2196e-09
3870	4.46388e-09
3871	4.4534e-09
3872	4.42074e-09
3873	7.67204e-09
3874	7.22589e-09
3875	7.44507e-09
3876	6.28062e-09
3877	5.76417e-09
3878	5.44852e-09
3879	4.64025e-09
3880	4.58129e-09
3881	4.614e-09
3882	4.18124e-09
3883	4.24895e-09
3884	4.19186e-09
3885	4.20062e-09
3886	4.16731e-09
3887	4.20621e-09
3888	4.13105e-09
3889	4.19821e-09
3890	4.12873e-09
3891	4.17144e-09
3892	4.10351e-09
3893	4.17651e-09
3894	4.10835e-09
3895	4.15538e-09
3896	4.0999e-09
3897	4.14608e-09
3898	4.07681e-09
3899	4.14127e-09
3900	4.08309e-09
3901	4.135e-09
3902	4.06883e-09
3903	4.11048e-09
3904	4.0313e-09
3905	4.12672e-09
3906	4.04334e-09
3907	4.09821e-09
3908	4.0362e-09
3909	4.08174e-09
3910	4.01326e-09
3911	4.08207e-09
3912	4.02022e-09
3913	4.07373e-09
3914	3.9914e-09
3915	4.06021e-09
3916	3.99753e-09
3917	4.0565e-09
3918	3.99038e-09
3919	4.02556e-09
3920	3.98073e-09
3921	4.02218e-09
3922	3.95549e-09
3923	3.99818e-09
3924	3.95477e-09
3925	4.00885e-09
3926	3.94035e-09
3927	3.99373e-09
3928	3.91922e-09
3929	3.9897e-09
3930	3.92383e-09
3931	3.97669e-09
3932	3.91787e-09
3933	3.96416e-09
3934	3.89566e-09
3935	3.96236e-09
3936	3.90351e-09
3937	3.95312e-09
3938	3.88823e-09
3939	3.92755e-09
3940	3.879e-09
3941	3.93094e-09
3942	3.87778e-09
3943	3.9173e-09
3944	3.84603e-09
3945	3.886e-09
3946	3.84874e-09
3947	3.90027e-09
3948	3.83838e-09
3949	3.88535e-09
3950	3.81647e-09
3951	3.88494e-09
3952	3.82147e-09
3953	3.87947e-09
3954	3.79935e-09
3955	3.86761e-09
3956	3.80617e-09
3957	3.86272e-09
3958	3.7832e-09
3959	3.85449e-09
3960	3.79102e-09
3961	3.83963e-09
3962	3.76125e-09
3963	3.80485e-09
3964	3.76444e-09
3965	3.8048e-09
3966	3.74536e-09
3967	3.81633e-09
3968	3.75069e-09
3969	3.79181e-09
3970	3.73615e-09
3971	3.78532e-09
3972	3.72675e-09
3973	3.76421e-09
3974	3.70248e-09
3975	3.75344e-09
3976	3.70386e-09
3977	3.74678e-09
3978	3.69249e-09
3979	3.73393e-09
3980	3.69894e-09
3981	3.74182e-09
3982	3.69301e-09
3983	3.73168e-09
3984	3.68084e-09
3985	3.7078e-09
3986	3.67002e-09
3987	3.70254e-09
3988	3.64998e-09
3989	3.68533e-09
3990	3.66015e-09
3991	3.68676e-09
3992	3.63566e-09
3993	3.70203e-09
3994	3.64493e-09
3995	3.68559e-09
3996	3.61731e-09
3997	3.6747e-09
3998	4.46245e-09
3999	4.39243e-09
4000	4.11697e-09
4001	4.2032e-09
4002	3.86307e-09
4003	3.85453e-09
4004	3.6964e-09
4005	3.66551e-09
4006	3.58342e-09
4007	3.61391e-09
4008	3.60293e-09
4009	3.62095e-09
4010	3.5766e-09
4011	3.60289e-09
4012	3.55606e-09
4013	3.57944e-09
4014	3.55928e-09
4015	3.58309e-09
4016	3.54024e-09
4017	3.56597e-09
4018	3.55412e-09
4019	3.57064e-09
4020	3.53976e-09
4021	3.55412e-09
4022	3.53448e-09
4023	3.54258e-09
4024	3.51435e-09
4025	3.53311e-09
4026	3.51373e-09
4027	3.53257e-09
4028	3.49436e-09
4029	3.52058e-09
4030	3.50257e-09
4031	3.51812e-09
4032	3.48038e-09
4033	3.52093e-09
4034	3.48474e-09
4035	3.51425e-09
4036	3.46347e-09
4037	3.48765e-09
4038	3.46957e-09
4039	3.48462e-09
4040	3.45098e-09
4041	3.4707e-09
4042	3.45635e-09
4043	3.46801e-09
4044	3.43604e-09
4045	3.48051e-09
4046	3.43969e-09
4047	3.46395e-09
4048	3.41742e-09
4049	3.43761e-09
4050	3.42653e-09
4051	3.43541e-09
4052	3.40998e-09
4053	3.41981e-09
4054	3.41008e-09
4055	3.41963e-09
4056	3.39066e-09
4057	3.40703e-09
4058	3.39868e-09
4059	3.40448e-09
4060	3.3775e-09
4061	3.41243e-09
4062	3.38252e-09
4063	3.40222e-09
4064	3.36087e-09
4065	3.37365e-09
4066	3.37521e-09
4067	3.37362e-09
4068	3.34572e-09
4069	3.35386e-09
4070	3.35145e-09
4071	3.35587e-09
4072	3.33304e-09
4073	3.34412e-09
4074	3.34102e-09
4075	3.34181e-09
4076	3.32015e-09
4077	3.33047e-09
4078	3.3245e-09
4079	3.32588e-09
4080	3.30405e-09
4081	3.31506e-09
4082	3.31343e-09
4083	3.31249e-09
4084	3.29337e-09
4085	3.29875e-09
4086	3.29587e-09
4087	3.29677e-09
4088	3.27616e-09
4089	3.28579e-09
4090	3.28372e-09
4091	3.28203e-09
4092	3.26284e-09
4093	5.17476e-09
4094	4.76268e-09
4095	4.17667e-09
4096	3.92663e-09
4097	3.66258e-09
4098	3.43914e-09
4099	3.37773e-09
4100	3.30341e-09
4101	3.25884e-09
4102	3.23812e-09
4103	3.24995e-09
4104	3.21833e-09
4105	3.21746e-09
4106	3.22596e-09
4107	3.22742e-09
4108	3.207e-09
4109	3.20805e-09
4110	3.2143e-09
4111	3.21048e-09
4112	3.1932e-09
4113	3.19756e-09
4114	3.20999e-09
4115	3.20281e-09
4116	3.18126e-09
4117	3.18339e-09
4118	3.18614e-09
4119	3.18241e-09
4120	3.16649e-09
4121	3.17224e-09
4122	3.17586e-09
4123	3.16949e-09
4124	3.15623e-09
4125	3.15755e-09
4126	3.15888e-09
4127	3.15531e-09
4128	3.14011e-09
4129	3.14579e-09
4130	3.14742e-09
4131	3.14215e-09
4132	3.12752e-09
4133	3.14957e-09
4134	3.13074e-09
4135	3.13734e-09
4136	3.11271e-09
4137	3.11861e-09
4138	3.11983e-09
4139	3.11473e-09
4140	3.10492e-09
4141	3.1022e-09
4142	3.10501e-09
4143	3.10149e-09
4144	3.08757e-09
4145	3.09163e-09
4146	3.09546e-09
4147	5.70071e-08
4148	4.17526e-08
4149	2.78539e-08
4150	2.32846e-08
4151	1.63403e-08
4152	1.18639e-08
4153	8.07084e-09
4154	6.24633e-09
4155	5.59245e-09
4156	4.5107e-09
4157	4.31368e-09
4158	3.56836e-09
4159	3.26397e-09
4160	3.19176e-09
4161	3.15561e-09
4162	3.10321e-09
4163	3.09615e-09
4164	3.06703e-09
4165	3.03877e-09
4166	3.05849e-09
4167	3.02422e-09
4168	3.01712e-09
4169	3.01805e-09
4170	3.01788e-09
4171	3.00148e-09
4172	2.99984e-09
4173	3.00955e-09
4174	3.0071e-09
4175	2.98884e-09
4176	2.98892e-09
4177	2.99363e-09
4178	2.98871e-09
4179	2.97541e-09
4180	2.9782e-09
4181	2.98778e-09
4182	2.97857e-09
4183	2.97021e-09
4184	2.98097e-09
4185	2.97149e-09
4186	2.96688e-09
4187	2.95642e-09
4188	2.9586e-09
4189	2.94798e-09
4190	2.94681e-09
4191	2.95153e-09
4192	2.94611e-09
4193	2.93558e-09
4194	2.93435e-09
4195	2.93862e-09
4196	2.93154e-09
4197	2.92102e-09
4198	2.92217e-09
4199	2.93027e-09
4200	2.92028e-09
4201	2.91317e-09
4202	2.92592e-09
4203	2.91833e-09
4204	2.91213e-09
4205	2.91405e-09
4206	2.90632e-09
4207	2.894e-09
4208	2.88818e-09
4209	2.896e-09
4210	2.89015e-09
4211	2.88032e-09
4212	2.87832e-09
4213	2.89879e-09
4214	2.91644e-09
4215	2.89116e-09
4216	2.88957e-09
4217	2.88579e-09
4218	2.87216e-09
4219	2.85974e-09
4220	2.86232e-09
4221	2.86261e-09
4222	2.85221e-09
4223	2.84674e-09
4224	2.84793e-09
4225	2.84073e-09
4226	2.83803e-09
4227	2.83153e-09
4228	2.83697e-09
4229	2.8346e-09
4230	2.82985e-09
4231	2.82312e-09
4232	2.82271e-09
4233	2.81774e-09
4234	2.82076e-09
4235	2.80947e-09
4236	2.81212e-09
4237	2.81074e-09
4238	2.80687e-09
4239	2.79925e-09
4240	2.7968e-09
4241	2.80551e-09
4242	2.79479e-09
4243	2.78833e-09
4244	2.78849e-09
4245	2.78337e-09
4246	2.77973e-09
4247	2.77421e-09
4248	2.77897e-09
4249	2.76966e-09
4250	2.77014e-09
4251	2.77127e-09
4252	2.79617e-09
4253	2.77864e-09
4254	2.77181e-09
4255	2.79839e-09
4256	2.76988e-09
4257	2.75378e-09
4258	2.75148e-09
4259	2.75775e-09
4260	2.7419e-09
4261	2.73636e-09
4262	2.7368e-09
4263	2.73256e-09
4264	2.72787e-09
4265	2.72407e-09
4266	2.72888e-09
4267	2.7193e-09
4268	2.72266e-09
4269	2.71417e-09
4270	2.71826e-09
4271	2.7089e-09
4272	2.70707e-09
4273	2.70108e-09
4274	2.70221e-09
4275	2.71379e-09
4276	2.73258e-09
4277	2.70279e-09
4278	2.70849e-09
4279	2.73645e-09
4280	2.70403e-09
4281	2.68595e-09
4282	2.68538e-09
4283	2.69073e-09
4284	2.70738e-09
4285	2.68568e-09
4286	2.67284e-09
4287	2.6734e-09
4288	2.66258e-09
4289	2.66017e-09
4290	2.65561e-09
4291	2.66383e-09
4292	2.68282e-09
4293	2.66582e-09
4294	2.66373e-09
4295	2.65843e-09
4296	2.64597e-09
4297	2.64405e-09
4298	2.63892e-09
4299	2.63347e-09
4300	2.64118e-09
4301	2.64027e-09
4302	2.6299e-09
4303	2.62472e-09
4304	2.62125e-09
4305	2.61809e-09
4306	2.62518e-09
4307	2.62378e-09
4308	2.61392e-09
4309	2.60884e-09
4310	2.60491e-09
4311	2.60205e-09
4312	2.60891e-09
4313	2.60787e-09
4314	2.59766e-09
4315	2.59284e-09
4316	2.58863e-09
4317	2.58609e-09
4318	2.59288e-09
4319	2.59186e-09
4320	2.58172e-09
4321	2.57689e-09
4322	2.57147e-09
4323	2.56814e-09
4324	2.5759e-09
4325	2.57517e-09
4326	2.56476e-09
4327	2.55848e-09
4328	2.5592e-09
4329	2.55621e-09
4330	2.55496e-09
4331	2.54746e-09
4332	2.55017e-09
4333	2.54347e-09
4334	2.54047e-09
4335	2.53782e-09
4336	2.5492e-09
4337	2.54484e-09
4338	2.53589e-09
4339	2.53245e-09
4340	2.52674e-09
4341	2.52507e-09
4342	2.53014e-09
4343	2.53037e-09
4344	2.51941e-09
4345	2.51563e-09
4346	2.51098e-09
4347	2.52708e-09
4348	2.5137e-09
4349	2.55682e-09
4350	2.51984e-09
4351	2.49976e-09
4352	2.49507e-09
4353	2.50861e-09
4354	2.51923e-09
4355	2.50531e-09
4356	2.49904e-09
4357	2.51966e-09
4358	2.486e-09
4359	2.50273e-09
4360	2.48859e-09
4361	2.53266e-09
4362	2.49421e-09
4363	2.47057e-09
4364	2.46813e-09
4365	2.47877e-09
4366	2.4882e-09
4367	2.47697e-09
4368	2.46753e-09
4369	2.47658e-09
4370	2.45587e-09
4371	2.45147e-09
4372	2.44818e-09
4373	2.46241e-09
4374	2.44795e-09
4375	2.49126e-09
4376	2.44651e-09
4377	2.44145e-09
4378	2.45437e-09
4379	2.4563e-09
4380	2.451e-09
4381	2.4369e-09
4382	2.43162e-09
4383	2.42458e-09
4384	2.42554e-09
4385	2.42665e-09
4386	2.41483e-09
4387	2.41202e-09
4388	2.40641e-09
4389	2.42257e-09
4390	2.43121e-09
4391	2.46618e-09
4392	2.4216e-09
4393	2.39577e-09
4394	2.39263e-09
4395	2.41051e-09
4396	2.4165e-09
4397	2.39661e-09
4398	2.38451e-09
4399	2.43573e-09
4400	2.39295e-09
4401	2.41353e-09
4402	2.40759e-09
4403	2.42699e-09
4404	2.397e-09
4405	2.37474e-09
4406	2.3716e-09
4407	2.368e-09
4408	2.36848e-09
4409	2.36895e-09
4410	2.37346e-09
4411	2.36491e-09
4412	2.35238e-09
4413	2.35548e-09
4414	2.37365e-09
4415	2.35587e-09
4416	2.35657e-09
4417	2.38269e-09
4418	2.35282e-09
4419	2.33815e-09
4420	2.33142e-09
4421	2.33381e-09
4422	2.32351e-09
4423	2.32178e-09
4424	2.33405e-09
4425	2.3346e-09
4426	2.33002e-09
4427	2.34838e-09
4428	2.32462e-09
4429	2.31505e-09
4430	2.30636e-09
4431	2.30932e-09
4432	2.29986e-09
4433	2.30658e-09
4434	2.32479e-09
4435	2.31781e-09
4436	2.30518e-09
4437	2.3445e-09
4438	2.30752e-09
4439	2.29295e-09
4440	2.29842e-09
4441	2.30166e-09
4442	2.285e-09
4443	2.28162e-09
4444	2.30348e-09
4445	2.29268e-09
4446	2.28527e-09
4447	2.28269e-09
4448	2.26956e-09
4449	2.26958e-09
4450	2.28752e-09
4451	2.27252e-09
4452	2.27262e-09
4453	2.29867e-09
4454	2.26861e-09
4455	2.27609e-09
4456	2.28062e-09
4457	2.31896e-09
4458	2.27191e-09
4459	2.24562e-09
4460	2.24285e-09
4461	2.2521e-09
4462	2.2594e-09
4463	2.24597e-09
4464	2.22978e-09
4465	2.28127e-09
4466	2.2407e-09
4467	2.22515e-09
4468	2.22116e-09
4469	2.23404e-09
4470	2.24091e-09
4471	2.23253e-09
4472	2.22336e-09
4473	2.24812e-09
4474	2.21526e-09
4475	2.2287e-09
4476	2.2358e-09
4477	2.27037e-09
4478	2.22358e-09
4479	2.19878e-09
4480	2.19603e-09
4481	2.21299e-09
4482	2.21677e-09
4483	2.19906e-09
4484	2.18615e-09
4485	2.23608e-09
4486	2.21752e-09
4487	2.20732e-09
4488	2.1825e-09
4489	2.23513e-09
4490	2.18245e-09
4491	2.17537e-09
4492	2.20766e-09
4493	2.19018e-09
4494	2.20006e-09
4495	2.17865e-09
4496	2.1673e-09
4497	2.1823e-09
4498	2.18077e-09
4499	2.2129e-09
4500	2.17308e-09
4501	2.15823e-09
4502	2.17673e-09
4503	2.16165e-09
4504	2.14051e-09
4505	2.18955e-09
4506	2.17609e-09
4507	2.16317e-09
4508	2.14188e-09
4509	2.20444e-09
4510	2.16144e-09
4511	2.13249e-09
4512	2.1319e-09
4513	2.13545e-09
4514	2.11932e-09
4515	2.11908e-09
4516	2.1372e-09
4517	2.1393e-09
4518	2.13259e-09
4519	2.12307e-09
4520	2.13927e-09
4521	2.12537e-09
4522	2.12094e-09
4523	2.14486e-09
4524	2.1163e-09
4525	2.12356e-09
4526	2.126e-09
4527	2.16521e-09
4528	2.11922e-09
4529	2.09414e-09
4530	2.09115e-09
4531	2.09606e-09
4532	2.09315e-09
4533	2.09181e-09
4534	2.09638e-09
4535	2.09674e-09
4536	2.08785e-09
4537	2.10752e-09
4538	2.08064e-09
4539	2.09329e-09
4540	2.09424e-09
4541	2.13346e-09
4542	2.09116e-09
4543	2.06555e-09
4544	2.06253e-09
4545	2.06747e-09
4546	2.05385e-09
4547	2.05332e-09
4548	2.07099e-09
4549	2.07673e-09
4550	2.06636e-09
4551	2.05886e-09
4552	2.07393e-09
4553	2.06659e-09
4554	2.04915e-09
4555	2.09091e-09
4556	2.04341e-09
4557	2.04178e-09
4558	2.06342e-09
4559	2.04789e-09
4560	2.07308e-09
4561	2.03966e-09
4562	2.02959e-09
4563	2.04185e-09
4564	2.04323e-09
4565	2.07404e-09
4566	2.03501e-09
4567	2.02044e-09
4568	2.03773e-09
4569	2.02485e-09
4570	2.00432e-09
4571	2.05131e-09
4572	2.03824e-09
4573	2.02635e-09
4574	2.0001e-09
4575	2.05311e-09
4576	2.01049e-09
4577	2.01281e-09
4578	2.02443e-09
4579	2.05534e-09
4580	2.00711e-09
4581	1.98713e-09
4582	1.98695e-09
4583	2.00198e-09
4584	1.99905e-09
4585	2.0286e-09
4586	1.99581e-09
4587	1.9804e-09
4588	1.99655e-09
4589	1.98493e-09
4590	1.96476e-09
4591	2.01114e-09
4592	1.99791e-09
4593	1.98657e-09
4594	1.95914e-09
4595	2.0125e-09
4596	1.9712e-09
4597	1.97994e-09
4598	1.95694e-09
4599	2.00986e-09
4600	1.96584e-09
4601	1.96705e-09
4602	1.97493e-09
4603	2.01563e-09
4604	1.96604e-09
4605	1.9415e-09
4606	1.93885e-09
4607	1.94473e-09
4608	1.94729e-09
4609	1.95835e-09
4610	1.95357e-09
4611	1.94016e-09
4612	1.92693e-09
4613	1.93185e-09
4614	1.94261e-09
4615	1.94206e-09
4616	1.92798e-09
4617	1.97601e-09
4618	1.95314e-09
4619	1.93694e-09
4620	1.92477e-09
4621	1.98375e-09
4622	1.93637e-09
4623	1.92481e-09
4624	1.91384e-09
4625	1.95797e-09
4626	1.91633e-09
4627	1.91671e-09
4628	1.92132e-09
4629	1.9654e-09
4630	1.91988e-09
4631	1.89376e-09
4632	1.88924e-09
4633	1.89522e-09
4634	1.89629e-09
4635	1.89936e-09
4636	1.89846e-09
4637	1.90667e-09
4638	1.88366e-09
4639	1.89637e-09
4640	1.89345e-09
4641	1.93643e-09
4642	1.89738e-09
4643	1.8883e-09
4644	1.87364e-09
4645	1.91904e-09
4646	1.8831e-09
4647	1.88526e-09
4648	1.86097e-09
4649	1.90842e-09
4650	1.88962e-09
4651	1.88681e-09
4652	1.85742e-09
4653	1.91762e-09
4654	1.87487e-09
4655	1.86344e-09
4656	1.87208e-09
4657	1.91711e-09
4658	1.86818e-09
4659	1.84187e-09
4660	1.83769e-09
4661	1.84337e-09
4662	1.86161e-09
4663	1.84746e-09
4664	1.85971e-09
4665	1.84525e-09
4666	1.85096e-09
4667	1.841e-09
4668	1.82192e-09
4669	1.868e-09
4670	1.85112e-09
4671	1.83811e-09
4672	1.82306e-09
4673	1.88107e-09
4674	1.8372e-09
4675	1.82809e-09
4676	1.83526e-09
4677	1.87901e-09
4678	1.83102e-09
4679	1.80527e-09
4680	1.80428e-09
4681	1.80906e-09
4682	1.80564e-09
4683	1.80855e-09
4684	1.80454e-09
4685	1.80864e-09
4686	1.80509e-09
4687	1.8013e-09
4688	1.78882e-09
4689	1.79071e-09
4690	1.79339e-09
4691	1.79414e-09
4692	1.7929e-09
4693	1.7931e-09
4694	1.78509e-09
4695	1.80364e-09
4696	1.8001e-09
4697	1.78525e-09
4698	1.77938e-09
4699	1.80748e-09
4700	1.77745e-09
4701	1.78554e-09
4702	1.77085e-09
4703	1.829e-09
4704	1.78612e-09
4705	1.78184e-09
4706	1.75952e-09
4707	1.80906e-09
4708	1.78315e-09
4709	1.78042e-09
4710	1.75223e-09
4711	1.8121e-09
4712	1.76595e-09
4713	1.75791e-09
4714	1.7713e-09
4715	1.80694e-09
4716	1.75479e-09
4717	1.73687e-09
4718	1.75531e-09
4719	1.74744e-09
4720	1.72728e-09
4721	1.77122e-09
4722	1.7578e-09
4723	1.74874e-09
4724	1.73226e-09
4725	1.78737e-09
4726	1.74102e-09
4727	1.74207e-09
4728	1.72233e-09
4729	1.77134e-09
4730	1.74715e-09
4731	1.74233e-09
4732	1.71646e-09
4733	1.77554e-09
4734	1.73394e-09
4735	1.72729e-09
4736	1.70661e-09
4737	1.75803e-09
4738	1.73558e-09
4739	1.72133e-09
4740	1.70625e-09
4741	1.76137e-09
4742	1.71666e-09
4743	1.70831e-09
4744	1.71531e-09
4745	1.75943e-09
4746	1.71288e-09
4747	1.70301e-09
4748	1.70907e-09
4749	1.751e-09
4750	1.70501e-09
4751	1.69602e-09
4752	1.70344e-09
4753	1.74394e-09
4754	1.69739e-09
4755	1.68945e-09
4756	1.69513e-09
4757	1.73803e-09
4758	1.69373e-09
4759	1.683e-09
4760	1.68862e-09
4761	1.73052e-09
4762	1.68473e-09
4763	1.67607e-09
4764	1.68334e-09
4765	1.72351e-09
4766	1.67758e-09
4767	1.66931e-09
4768	1.67513e-09
4769	1.71796e-09
4770	1.67343e-09
4771	1.66332e-09
4772	1.66894e-09
4773	1.70378e-09
4774	1.65728e-09
4775	1.64147e-09
4776	1.65679e-09
4777	1.6592e-09
4778	1.64113e-09
4779	1.68793e-09
4780	1.66551e-09
4781	1.66256e-09
4782	1.63367e-09
4783	1.69027e-09
4784	1.66167e-09
4785	1.65615e-09
4786	1.62852e-09
4787	1.68838e-09
4788	1.64372e-09
4789	1.63847e-09
4790	1.62042e-09
4791	1.66887e-09
4792	1.64423e-09
4793	1.64006e-09
4794	1.61309e-09
4795	1.67041e-09
4796	1.62665e-09
4797	1.62443e-09
4798	1.60801e-09
4799	1.65778e-09
4800	1.63438e-09
4801	1.61712e-09
4802	1.60615e-09
4803	1.63007e-09
4804	1.61605e-09
4805	1.60395e-09
4806	1.58871e-09
4807	1.63615e-09
4808	1.61426e-09
4809	1.60542e-09
4810	1.59154e-09
4811	1.64624e-09
4812	1.60313e-09
4813	1.5997e-09
4814	1.58942e-09
4815	1.64801e-09
4816	1.60001e-09
4817	1.59559e-09
4818	1.57623e-09
4819	1.62223e-09
4820	1.59812e-09
4821	1.59471e-09
4822	1.56904e-09
4823	1.62618e-09
4824	1.58487e-09
4825	1.58071e-09
4826	1.56274e-09
4827	1.6111e-09
4828	1.58697e-09
4829	1.58258e-09
4830	1.55677e-09
4831	1.6135e-09
4832	1.56961e-09
4833	1.56743e-09
4834	1.55168e-09
4835	1.6008e-09
4836	1.57721e-09
4837	1.56609e-09
4838	1.54817e-09
4839	1.60229e-09
4840	1.57457e-09
4841	1.56857e-09
4842	1.53998e-09
4843	1.61314e-09
4844	1.54906e-09
4845	1.54907e-09
4846	1.54754e-09
4847	1.58926e-09
4848	1.53963e-09
4849	1.52366e-09
4850	1.52113e-09
4851	1.52914e-09
4852	1.54434e-09
4853	1.53274e-09
4854	1.54755e-09
4855	1.55535e-09
4856	1.53371e-09
4857	1.53792e-09
4858	1.5139e-09
4859	1.57693e-09
4860	1.53221e-09
4861	1.52048e-09
4862	1.52555e-09
4863	1.5713e-09
4864	1.52467e-09
4865	1.52177e-09
4866	1.51193e-09
4867	1.5672e-09
4868	1.50813e-09
4869	1.51557e-09
4870	1.51109e-09
4871	1.543e-09
4872	1.49884e-09
4873	1.48382e-09
4874	1.49442e-09
4875	1.50419e-09
4876	1.49112e-09
4877	1.51994e-09
4878	1.50956e-09
4879	1.4947e-09
4880	1.48578e-09
4881	1.51406e-09
4882	1.4854e-09
4883	1.49203e-09
4884	1.47805e-09
4885	1.53138e-09
4886	1.49158e-09
4887	1.48831e-09
4888	1.47722e-09
4889	1.5339e-09
4890	1.48947e-09
4891	1.48388e-09
4892	1.46496e-09
4893	1.51015e-09
4894	1.49896e-09
4895	1.48404e-09
4896	1.46664e-09
4897	1.52102e-09
4898	1.48487e-09
4899	1.47876e-09
4900	1.45496e-09
4901	1.51198e-09
4902	1.46572e-09
4903	1.46269e-09
4904	1.44668e-09
4905	1.49574e-09
4906	1.45325e-09
4907	1.45812e-09
4908	1.44362e-09
4909	1.49908e-09
4910	1.45708e-09
4911	1.45515e-09
4912	1.44347e-09
4913	1.49972e-09
4914	1.456e-09
4915	1.44838e-09
4916	1.43701e-09
4917	1.49352e-09
4918	1.44892e-09
4919	1.44331e-09
4920	1.42366e-09
4921	1.47008e-09
4922	1.45823e-09
4923	1.44369e-09
4924	1.4268e-09
4925	1.48013e-09
4926	1.44436e-09
4927	1.43858e-09
4928	1.41517e-09
4929	1.47144e-09
4930	1.42586e-09
4931	1.42279e-09
4932	1.40755e-09
4933	1.45543e-09
4934	1.41365e-09
4935	1.41896e-09
4936	1.40691e-09
4937	1.4597e-09
4938	1.43387e-09
4939	1.41939e-09
4940	1.4e-09
4941	1.44641e-09
4942	1.41859e-09
4943	1.41649e-09
4944	1.394e-09
4945	1.45711e-09
4946	1.41083e-09
4947	1.40205e-09
4948	1.38521e-09
4949	1.43459e-09
4950	1.40991e-09
4951	1.40325e-09
4952	1.38093e-09
4953	1.44333e-09
4954	1.39521e-09
4955	1.38544e-09
4956	1.39236e-09
4957	1.43514e-09
4958	1.38751e-09
4959	1.38618e-09
4960	1.37042e-09
4961	1.41377e-09
4962	1.39117e-09
4963	1.38314e-09
4964	1.36659e-09
4965	1.41923e-09
4966	1.38829e-09
4967	1.37555e-09
4968	1.36369e-09
4969	1.41556e-09
4970	1.37502e-09
4971	1.36897e-09
4972	1.3593e-09
4973	1.41451e-09
4974	1.37088e-09
4975	1.36604e-09
4976	1.34686e-09
4977	1.39207e-09
4978	1.37977e-09
4979	1.36586e-09
4980	1.34931e-09
4981	1.40189e-09
4982	1.36661e-09
4983	1.36096e-09
4984	1.34068e-09
4985	1.40363e-09
4986	1.36432e-09
4987	1.35882e-09
4988	1.33393e-09
4989	1.39036e-09
4990	1.34751e-09
4991	1.34179e-09
4992	1.3267e-09
4993	1.37285e-09
4994	1.348e-09
4995	1.34166e-09
4996	8.07439e-09
4997	6.91399e-09
4998	5.57132e-09
4999	4.0325e-09
5000	3.05181e-09
5001	2.26451e-09
5002	1.87444e-09
5003	1.68526e-09
5004	1.49414e-09
5005	1.42102e-09
5006	1.35674e-09
5007	1.35164e-09
5008	1.33542e-09
5009	1.31566e-09
5010	1.30976e-09
5011	1.35719e-09
5012	1.31321e-09
5013	1.30866e-09
5014	1.31241e-09
5015	1.34895e-09
5016	1.30493e-09
5017	1.2928e-09
5018	1.29859e-09
5019	1.30961e-09
5020	1.29283e-09
5021	1.32112e-09
5022	1.30934e-09
5023	1.30593e-09
5024	1.28957e-09
5025	1.33807e-09
5026	1.30914e-09
5027	1.30466e-09
5028	1.28274e-09
5029	1.34322e-09
5030	1.29691e-09
5031	1.29058e-09
5032	1.28016e-09
5033	1.33475e-09
5034	1.28917e-09
5035	1.28605e-09
5036	1.27608e-09
5037	1.32768e-09
5038	1.28515e-09
5039	1.28145e-09
5040	1.26792e-09
5041	1.32047e-09
5042	1.27952e-09
5043	1.27685e-09
5044	1.25879e-09
5045	1.30409e-09
5046	1.28097e-09
5047	1.27497e-09
5048	1.2596e-09
5049	1.3096e-09
5050	1.27755e-09
5051	1.27454e-09
5052	1.25298e-09
5053	1.31227e-09
5054	1.27597e-09
5055	1.27043e-09
5056	1.2467e-09
5057	1.30103e-09
5058	1.25966e-09
5059	1.25417e-09
5060	1.23983e-09
5061	1.28489e-09
5062	1.26032e-09
5063	1.25467e-09
5064	1.23991e-09
5065	1.28972e-09
5066	1.25752e-09
5067	1.25432e-09
5068	1.23332e-09
5069	1.29211e-09
5070	1.2559e-09
5071	1.25053e-09
5072	1.22705e-09
5073	1.2809e-09
5074	1.24046e-09
5075	1.2347e-09
5076	1.22003e-09
5077	1.26469e-09
5078	1.24057e-09
5079	1.23472e-09
5080	1.2203e-09
5081	1.26936e-09
5082	1.23805e-09
5083	1.23461e-09
5084	1.21403e-09
5085	1.27209e-09
5086	1.2365e-09
5087	1.23083e-09
5088	1.20805e-09
5089	1.2612e-09
5090	1.22102e-09
5091	1.21527e-09
5092	1.20123e-09
5093	1.24537e-09
5094	1.22139e-09
5095	1.21562e-09
5096	1.20115e-09
5097	1.25003e-09
5098	1.21841e-09
5099	1.21532e-09
5100	1.1949e-09
5101	1.2527e-09
5102	1.2087e-09
5103	1.20239e-09
5104	1.18695e-09
5105	1.23165e-09
5106	1.21644e-09
5107	1.20416e-09
5108	1.18905e-09
5109	1.23871e-09
5110	1.19629e-09
5111	1.19159e-09
5112	1.18221e-09
5113	1.2327e-09
5114	1.19265e-09
5115	1.1884e-09
5116	1.17872e-09
5117	1.22909e-09
5118	1.18913e-09
5119	1.18481e-09
5120	1.16848e-09
5121	1.211e-09
5122	1.18842e-09
5123	1.1829e-09
5124	1.16856e-09
5125	1.21623e-09
5126	1.1853e-09
5127	1.18214e-09
5128	1.16264e-09
5129	1.21897e-09
5130	1.18376e-09
5131	1.17853e-09
5132	1.15649e-09
5133	1.20809e-09
5134	1.16865e-09
5135	1.16361e-09
5136	1.14996e-09
5137	1.19268e-09
5138	1.16912e-09
5139	1.16438e-09
5140	1.15008e-09
5141	1.19744e-09
5142	1.16666e-09
5143	1.16339e-09
5144	1.14428e-09
5145	1.20022e-09
5146	1.15757e-09
5147	1.15119e-09
5148	1.13658e-09
5149	1.18016e-09
5150	1.16472e-09
5151	1.15295e-09
5152	1.13841e-09
5153	1.18655e-09
5154	1.14538e-09
5155	1.14097e-09
5156	1.1316e-09
5157	1.18077e-09
5158	1.14156e-09
5159	1.13793e-09
5160	1.12834e-09
5161	1.17727e-09
5162	1.13841e-09
5163	1.13427e-09
5164	1.11894e-09
5165	1.15996e-09
5166	1.13754e-09
5167	1.13292e-09
5168	1.11851e-09
5169	1.16485e-09
5170	1.13475e-09
5171	1.13182e-09
5172	1.11297e-09
5173	1.16774e-09
5174	1.12571e-09
5175	1.11993e-09
5176	1.10535e-09
5177	1.14802e-09
5178	1.1327e-09
5179	1.12167e-09
5180	1.10703e-09
5181	1.15427e-09
5182	1.11381e-09
5183	1.10987e-09
5184	1.10044e-09
5185	1.14876e-09
5186	1.11002e-09
5187	1.24243e-09
5188	1.22236e-09
5189	1.23607e-09
5190	1.19505e-09
5191	1.16819e-09
5192	1.15493e-09
5193	1.13054e-09
5194	1.11288e-09
5195	1.13208e-09
5196	1.10768e-09
5197	1.10536e-09
5198	1.0811e-09
5199	1.13702e-09
5200	1.09324e-09
5201	1.08053e-09
5202	1.08377e-09
5203	1.09873e-09
5204	1.09027e-09
5205	1.11098e-09
5206	1.08286e-09
5207	1.07594e-09
5208	1.07553e-09
5209	1.08343e-09
5210	1.07565e-09
5211	1.07697e-09
5212	1.07398e-09
5213	1.11397e-09
5214	1.07917e-09
5215	1.0787e-09
5216	1.06244e-09
5217	1.10009e-09
5218	1.0886e-09
5219	1.07794e-09
5220	1.0638e-09
5221	1.10979e-09
5222	1.07072e-09
5223	1.06674e-09
5224	1.05784e-09
5225	1.10501e-09
5226	1.06692e-09
5227	1.06426e-09
5228	1.05119e-09
5229	1.08953e-09
5230	1.06811e-09
5231	1.06242e-09
5232	1.04871e-09
5233	1.09325e-09
5234	1.06533e-09
5235	1.06279e-09
5236	1.04477e-09
5237	1.09795e-09
5238	1.0591e-09
5239	1.05135e-09
5240	1.04463e-09
5241	1.09213e-09
5242	1.0526e-09
5243	1.0558e-09
5244	1.03732e-09
5245	1.0813e-09
5246	1.05469e-09
5247	1.04972e-09
5248	1.03218e-09
5249	1.08427e-09
5250	1.04423e-09
5251	1.03882e-09
5252	1.02599e-09
5253	1.06596e-09
5254	1.05094e-09
5255	1.04043e-09
5256	1.02696e-09
5257	1.07184e-09
5258	1.03353e-09
5259	1.02946e-09
5260	1.02105e-09
5261	1.06661e-09
5262	1.02983e-09
5263	1.0348e-09
5264	1.01696e-09
5265	1.06029e-09
5266	1.0342e-09
5267	1.02931e-09
5268	1.01169e-09
5269	1.06311e-09
5270	1.02318e-09
5271	1.01849e-09
5272	1.00576e-09
5273	1.04564e-09
5274	1.02231e-09
5275	1.0177e-09
5276	1.00492e-09
5277	1.04797e-09
5278	1.01945e-09
5279	1.01716e-09
5280	1.00002e-09
5281	1.05054e-09
5282	1.0118e-09
5283	1.00638e-09
5284	9.93515e-10
5285	1.03367e-09
5286	1.01077e-09
5287	1.00645e-09
5288	9.93569e-10
5289	1.03615e-09
5290	1.00767e-09
5291	1.00518e-09
5292	9.8839e-10
5293	1.03867e-09
5294	9.99639e-10
5295	9.94474e-10
5296	9.81839e-10
5297	1.02153e-09
5298	9.98664e-10
5299	9.94527e-10
5300	9.81789e-10
5301	1.02402e-09
5302	9.95817e-10
5303	9.9332e-10
5304	9.76704e-10
5305	1.02657e-09
5306	9.87906e-10
5307	9.82836e-10
5308	9.76486e-10
5309	1.02135e-09
5310	9.8352e-10
5311	9.87115e-10
5312	9.70123e-10
5313	1.0147e-09
5314	9.90726e-10
5315	9.81203e-10
5316	9.68191e-10
5317	1.01122e-09
5318	9.81051e-10
5319	9.78025e-10
5320	9.62875e-10
5321	1.01844e-09
5322	9.70176e-10
5323	9.58105e-10
5324	9.6376e-10
5325	9.72313e-10
5326	9.51984e-10
5327	9.80228e-10
5328	9.75006e-10
5329	9.69665e-10
5330	9.53214e-10
5331	9.95842e-10
5332	9.59786e-10
5333	9.62359e-10
5334	9.51427e-10
5335	1.00544e-09
5336	9.61006e-10
5337	9.63731e-10
5338	9.45295e-10
5339	9.92984e-10
5340	9.5259e-10
5341	9.5727e-10
5342	9.44984e-10
5343	9.98165e-10
5344	9.53059e-10
5345	9.56174e-10
5346	9.40271e-10
5347	9.93577e-10
5348	9.49177e-10
5349	9.52136e-10
5350	9.38396e-10
5351	9.93002e-10
5352	9.4661e-10
5353	9.48628e-10
5354	9.36021e-10
5355	9.91969e-10
5356	9.42811e-10
5357	9.44779e-10
5358	9.31846e-10
5359	9.87701e-10
5360	9.38887e-10
5361	9.40953e-10
5362	9.2845e-10
5363	9.83956e-10
5364	9.35273e-10
5365	9.37281e-10
5366	9.24506e-10
5367	9.80038e-10
5368	9.3137e-10
5369	9.33534e-10
5370	9.21103e-10
5371	9.763e-10
5372	9.27922e-10
5373	9.2986e-10
5374	9.17212e-10
5375	9.7224e-10
5376	9.24117e-10
5377	9.26232e-10
5378	9.13855e-10
5379	9.68603e-10
5380	9.20838e-10
5381	9.22435e-10
5382	9.10212e-10
5383	9.64908e-10
5384	9.16911e-10
5385	9.18847e-10
5386	9.06869e-10
5387	9.61279e-10
5388	9.13512e-10
5389	9.15274e-10
5390	9.03018e-10
5391	9.59963e-10
5392	9.06184e-10
5393	9.0142e-10
5394	9.08972e-10
5395	9.40097e-10
5396	9.09201e-10
5397	8.99737e-10
5398	9.12e-10
5399	9.18509e-10
5400	9.19039e-10
5401	9.33574e-10
5402	9.00788e-10
5403	9.22852e-10
5404	9.11514e-10
5405	9.06478e-10
5406	8.92354e-10
5407	9.30083e-10
5408	9.02358e-10
5409	8.95885e-10
5410	8.86316e-10
5411	9.39106e-10
5412	8.87658e-10
5413	8.89371e-10
5414	8.88673e-10
5415	9.35823e-10
5416	8.84707e-10
5417	8.86095e-10
5418	8.84761e-10
5419	9.31643e-10
5420	8.88078e-10
5421	8.81364e-10
5422	8.90874e-10
5423	8.93266e-10
5424	8.75151e-10
5425	9.11477e-10
5426	8.9014e-10
5427	8.77268e-10
5428	8.72963e-10
5429	9.22244e-10
5430	8.74885e-10
5431	8.7848e-10
5432	8.71935e-10
5433	9.28035e-10
5434	8.76727e-10
5435	8.68747e-10
5436	8.78157e-10
5437	8.81668e-10
5438	8.64127e-10
5439	8.99158e-10
5440	8.77916e-10
5441	8.68687e-10
5442	8.56459e-10
5443	8.98717e-10
5444	8.79559e-10
5445	8.70213e-10
5446	8.55402e-10
5447	8.95654e-10
5448	8.69269e-10
5449	8.61084e-10
5450	8.50892e-10
5451	8.92719e-10
5452	8.73248e-10
5453	8.63948e-10
5454	8.48917e-10
5455	8.89173e-10
5456	8.62789e-10
5457	8.58913e-10
5458	8.40718e-10
5459	9.11978e-10
5460	8.64346e-10
5461	8.57426e-10
5462	8.44937e-10
5463	9.0603e-10
5464	8.58368e-10
5465	8.47194e-10
5466	8.42458e-10
5467	9.01233e-10
5468	8.4085e-10
5469	8.46815e-10
5470	8.43191e-10
5471	8.91333e-10
5472	8.58069e-10
5473	8.49727e-10
5474	8.29052e-10
5475	8.9397e-10
5476	8.37804e-10
5477	8.41514e-10
5478	8.34204e-10
5479	8.94883e-10
5480	8.45447e-10
5481	8.4178e-10
5482	8.30612e-10
5483	8.93253e-10
5484	8.48651e-10
5485	8.39025e-10
5486	8.20357e-10
5487	8.89553e-10
5488	8.44962e-10
5489	8.33819e-10
5490	8.16281e-10
5491	8.86972e-10
5492	8.42772e-10
5493	8.31807e-10
5494	8.13771e-10
5495	8.84387e-10
5496	8.39448e-10
5497	8.29044e-10
5498	8.17711e-10
5499	8.85297e-10
5500	8.27681e-10
5501	8.24283e-10
5502	8.15721e-10
5503	8.79361e-10
5504	8.27092e-10
5505	8.22345e-10
5506	8.12564e-10
5507	8.72931e-10
5508	8.32575e-10
5509	8.23312e-10
5510	8.03777e-10
5511	8.73928e-10
5512	8.3295e-10
5513	8.1871e-10
5514	7.92734e-10
5515	8.71588e-10
5516	8.16325e-10
5517	8.15637e-10
5518	7.99027e-10
5519	8.71762e-10
5520	8.10374e-10
5521	8.07769e-10
5522	8.03771e-10
5523	8.67127e-10
5524	8.12673e-10
5525	8.06378e-10
5526	8.02843e-10
5527	8.61348e-10
5528	8.17344e-10
5529	8.08047e-10
5530	7.8632e-10
5531	8.61448e-10
5532	8.13207e-10
5533	8.01638e-10
5534	7.84121e-10
5535	8.57824e-10
5536	8.21943e-10
5537	8.1054e-10
5538	7.8963e-10
5539	8.51504e-10
5540	8.03169e-10
5541	7.95902e-10
5542	7.72811e-10
5543	8.48844e-10
5544	8.17278e-10
5545	8.03707e-10
5546	7.80646e-10
5547	8.51724e-10
5548	8.01632e-10
5549	7.90166e-10
5550	7.78791e-10
5551	8.46094e-10
5552	8.0145e-10
5553	7.87827e-10
5554	7.67547e-10
5555	8.4326e-10
5556	7.93361e-10
5557	7.85666e-10
5558	7.61335e-10
5559	8.38612e-10
5560	8.05656e-10
5561	7.9547e-10
5562	7.71715e-10
5563	8.4239e-10
5564	7.95496e-10
5565	7.78395e-10
5566	7.61334e-10
5567	8.35283e-10
5568	7.91607e-10
5569	7.7952e-10
5570	7.54912e-10
5571	8.40876e-10
5572	7.81696e-10
5573	7.67794e-10
5574	7.63638e-10
5575	8.26964e-10
5576	7.88726e-10
5577	7.78684e-10
5578	7.59482e-10
5579	8.18165e-10
5580	7.86548e-10
5581	7.7284e-10
5582	7.48473e-10
5583	8.24649e-10
5584	7.89431e-10
5585	7.74408e-10
5586	7.47432e-10
5587	8.26052e-10
5588	7.88548e-10
5589	7.71547e-10
5590	7.44766e-10
5591	8.22545e-10
5592	7.85394e-10
5593	7.68714e-10
5594	7.4195e-10
5595	8.19692e-10
5596	7.82573e-10
5597	7.65655e-10
5598	7.39016e-10
5599	8.16236e-10
5600	7.79406e-10
5601	7.62642e-10
5602	7.3601e-10
5603	8.13166e-10
5604	7.76265e-10
5605	7.59517e-10
5606	7.33017e-10
5607	8.09813e-10
5608	7.73271e-10
5609	7.56556e-10
5610	7.30181e-10
5611	8.06945e-10
5612	7.7011e-10
5613	7.53567e-10
5614	7.27236e-10
5615	8.03453e-10
5616	7.67115e-10
5617	7.50646e-10
5618	7.24492e-10
5619	8.00462e-10
5620	7.64081e-10
5621	7.47728e-10
5622	7.21594e-10
5623	7.97226e-10
5624	7.61024e-10
5625	7.44755e-10
5626	7.18666e-10
5627	7.94191e-10
5628	7.58139e-10
5629	7.41775e-10
5630	7.15819e-10
5631	7.91115e-10
5632	7.55002e-10
5633	7.3885e-10
5634	7.13074e-10
5635	7.87883e-10
5636	7.52046e-10
5637	7.36001e-10
5638	7.1012e-10
5639	7.84822e-10
5640	7.49114e-10
5641	7.33038e-10
5642	7.07331e-10
5643	7.86337e-10
5644	7.46268e-10
5645	7.30597e-10
5646	7.0609e-10
5647	7.8189e-10
5648	7.44109e-10
5649	7.30638e-10
5650	7.061e-10
5651	7.78956e-10
5652	7.41075e-10
5653	7.23247e-10
5654	7.00721e-10
5655	7.75251e-10
5656	7.3905e-10
5657	7.25892e-10
5658	7.01361e-10
5659	7.7963e-10
5660	7.34347e-10
5661	7.20032e-10
5662	6.96853e-10
5663	7.69913e-10
5664	7.39447e-10
5665	7.2144e-10
5666	6.9642e-10
5667	7.69675e-10
5668	7.12325e-10
5669	7.08656e-10
5670	6.87396e-10
5671	7.65753e-10
5672	7.32618e-10
5673	7.2085e-10
5674	6.94279e-10
5675	7.61335e-10
5676	7.30572e-10
5677	7.16223e-10
5678	6.91512e-10
5679	7.62642e-10
5680	7.22761e-10
5681	7.03378e-10
5682	6.8258e-10
5683	7.58514e-10
5684	7.31018e-10
5685	7.19009e-10
5686	6.94507e-10
5687	7.51852e-10
5688	7.14218e-10
5689	6.99456e-10
5690	6.79188e-10
5691	7.51264e-10
5692	7.22537e-10
5693	7.06943e-10
5694	6.86463e-10
5695	7.45754e-10
5696	7.10892e-10
5697	6.97628e-10
5698	6.76725e-10
5699	7.40816e-10
5700	7.16138e-10
5701	7.03735e-10
5702	6.80566e-10
5703	7.46187e-10
5704	7.1383e-10
5705	6.9702e-10
