1	1
2	0.10123
3	0.0207152
4	0.00472068
5	0.000762148
6	0.000165596
7	5.2471e-05
8	2.19696e-05
9	1.1021e-05
10	5.39276e-06
11	3.46581e-06
12	2.13168e-06
13	1.35603e-06
14	1.14111e-06
15	7.45332e-07
16	6.34641e-07
17	4.15086e-07
18	2.2412e-07
19	1.89994e-07
20	2.0304e-07
21	1.41852e-07
22	9.14e-08
23	6.5442e-08
24	8.3004e-08
25	6.13728e-08
26	6.10825e-08
27	6.62436e-08
28	5.8024e-08
29	5.31992e-08
30	5.36443e-08
31	5.34245e-08
32	5.45724e-08
33	5.31436e-08
34	5.13771e-08
35	5.1479e-08
36	5.05836e-08
37	5.00543e-08
38	4.95628e-08
39	4.91834e-08
40	4.83603e-08
41	4.78917e-08
42	4.7544e-08
43	4.69952e-08
44	4.65481e-08
45	4.61293e-08
46	4.56782e-08
47	4.52672e-08
48	4.48607e-08
49	4.44759e-08
50	4.40893e-08
51	4.37236e-08
52	4.33552e-08
53	4.29992e-08
54	4.26528e-08
55	4.23143e-08
56	4.19866e-08
57	4.16538e-08
58	4.13507e-08
59	4.10465e-08
60	4.07404e-08
61	4.04468e-08
62	4.01653e-08
63	3.98406e-08
64	3.95846e-08
65	3.92967e-08
66	3.90402e-08
67	3.87585e-08
68	3.85449e-08
69	3.82548e-08
70	3.80238e-08
71	3.7759e-08
72	3.75397e-08
73	3.73002e-08
74	3.70934e-08
75	3.68384e-08
76	3.66298e-08
77	3.63772e-08
78	3.61582e-08
79	3.59465e-08
80	3.57575e-08
81	3.55399e-08
82	3.53433e-08
83	3.51311e-08
84	3.4939e-08
85	3.4733e-08
86	3.45454e-08
87	3.43524e-08
88	3.41618e-08
89	3.39773e-08
90	3.37953e-08
91	3.36065e-08
92	3.34319e-08
93	3.32168e-08
94	3.30664e-08
95	3.28705e-08
96	3.27022e-08
97	3.25452e-08
98	3.2375e-08
99	3.22083e-08
100	3.20689e-08
101	3.18897e-08
102	3.17349e-08
103	3.15709e-08
104	3.14214e-08
105	3.12639e-08
106	3.11186e-08
107	3.09531e-08
108	3.08134e-08
109	3.06585e-08
110	3.05113e-08
111	3.0368e-08
112	3.02251e-08
113	3.00861e-08
114	2.99402e-08
115	2.97971e-08
116	2.96653e-08
117	2.95288e-08
118	2.93836e-08
119	2.92505e-08
120	2.91272e-08
121	2.89887e-08
122	2.88535e-08
123	2.87902e-08
124	2.86089e-08
125	2.84575e-08
126	2.83021e-08
127	2.81747e-08
128	2.80777e-08
129	2.79568e-08
130	2.78397e-08
131	2.77119e-08
132	2.75993e-08
133	2.74736e-08
134	2.73562e-08
135	2.72387e-08
136	2.71222e-08
137	2.70092e-08
138	2.6893e-08
139	2.67741e-08
140	2.66674e-08
141	2.65592e-08
142	2.64395e-08
143	2.63284e-08
144	2.62275e-08
145	2.61139e-08
146	2.60041e-08
147	2.58976e-08
148	2.58692e-08
149	2.56735e-08
150	2.55764e-08
151	2.54848e-08
152	2.5351e-08
153	2.53358e-08
154	2.51763e-08
155	2.50679e-08
156	2.50086e-08
157	2.48573e-08
158	2.47663e-08
159	2.47208e-08
160	2.45676e-08
161	2.44819e-08
162	2.44361e-08
163	2.42803e-08
164	2.4214e-08
165	2.41046e-08
166	2.40617e-08
167	2.39266e-08
168	2.38541e-08
169	2.37156e-08
170	2.36338e-08
171	2.35915e-08
172	2.34469e-08
173	2.33668e-08
174	2.33324e-08
175	2.31766e-08
176	2.31357e-08
177	2.30071e-08
178	2.29606e-08
179	2.28461e-08
180	2.27885e-08
181	2.26585e-08
182	2.25832e-08
183	2.25425e-08
184	2.24075e-08
185	2.23583e-08
186	2.2246e-08
187	2.22051e-08
188	2.20967e-08
189	2.2008e-08
190	2.19622e-08
191	2.1855e-08
192	2.17657e-08
193	2.17274e-08
194	2.16119e-08
195	2.15347e-08
196	2.14935e-08
197	2.13768e-08
198	2.12998e-08
199	2.12608e-08
200	2.11449e-08
201	2.10924e-08
202	2.09993e-08
203	2.09449e-08
204	2.08501e-08
205	2.07701e-08
206	2.07298e-08
207	2.06209e-08
208	2.05581e-08
209	2.05201e-08
210	2.04005e-08
211	2.03657e-08
212	2.02588e-08
213	2.02146e-08
214	2.01318e-08
215	2.00462e-08
216	2.00107e-08
217	1.99169e-08
218	1.98692e-08
219	1.97742e-08
220	1.97319e-08
221	1.96406e-08
222	1.95692e-08
223	1.95322e-08
224	1.94305e-08
225	1.93927e-08
226	1.92964e-08
227	1.92556e-08
228	1.91787e-08
229	1.91247e-08
230	1.90619e-08
231	1.89877e-08
232	1.89314e-08
233	1.88627e-08
234	1.88015e-08
235	1.87331e-08
236	1.86746e-08
237	1.86055e-08
238	1.85474e-08
239	1.84808e-08
240	1.84214e-08
241	1.83553e-08
242	1.82978e-08
243	1.82319e-08
244	1.81746e-08
245	1.81102e-08
246	1.8053e-08
247	1.7989e-08
248	1.7933e-08
249	1.78695e-08
250	1.78137e-08
251	1.77511e-08
252	1.76957e-08
253	1.76336e-08
254	1.75789e-08
255	1.75174e-08
256	1.7463e-08
257	1.74024e-08
258	1.73482e-08
259	1.72883e-08
260	1.72345e-08
261	1.71754e-08
262	1.71218e-08
263	1.70635e-08
264	1.70102e-08
265	1.69526e-08
266	1.68996e-08
267	1.68426e-08
268	1.679e-08
269	1.67336e-08
270	1.66813e-08
271	1.66255e-08
272	1.65736e-08
273	1.65184e-08
274	1.64669e-08
275	1.64122e-08
276	1.63611e-08
277	1.63069e-08
278	1.62563e-08
279	1.62024e-08
280	1.61524e-08
281	1.60989e-08
282	1.60494e-08
283	1.59961e-08
284	1.59473e-08
285	1.58942e-08
286	1.5846e-08
287	1.57932e-08
288	1.57455e-08
289	1.5693e-08
290	1.56459e-08
291	1.55935e-08
292	1.55471e-08
293	1.5495e-08
294	1.54491e-08
295	1.53973e-08
296	1.53518e-08
297	1.53004e-08
298	1.52554e-08
299	1.52044e-08
300	1.51597e-08
301	1.51092e-08
302	1.50648e-08
303	1.50148e-08
304	1.49707e-08
305	1.49212e-08
306	1.48772e-08
307	1.48283e-08
308	1.47846e-08
309	1.47362e-08
310	1.46928e-08
311	1.46448e-08
312	1.46017e-08
313	1.4554e-08
314	1.45114e-08
315	1.44639e-08
316	1.44218e-08
317	1.43747e-08
318	1.43328e-08
319	1.42861e-08
320	1.42444e-08
321	1.41983e-08
322	1.41569e-08
323	1.41111e-08
324	1.407e-08
325	1.40246e-08
326	1.39839e-08
327	1.39388e-08
328	1.38984e-08
329	1.38535e-08
330	1.38135e-08
331	1.37689e-08
332	1.37294e-08
333	1.3685e-08
334	1.36457e-08
335	1.36018e-08
336	1.35628e-08
337	1.35191e-08
338	1.34804e-08
339	1.3437e-08
340	1.33987e-08
341	1.33556e-08
342	1.33175e-08
343	1.32747e-08
344	1.32369e-08
345	1.31945e-08
346	1.3157e-08
347	1.31147e-08
348	1.30777e-08
349	1.30356e-08
350	1.29988e-08
351	1.29571e-08
352	1.29205e-08
353	1.28792e-08
354	1.28428e-08
355	1.28017e-08
356	1.27656e-08
357	1.27249e-08
358	1.26891e-08
359	1.26485e-08
360	1.2613e-08
361	1.25727e-08
362	1.25375e-08
363	1.24975e-08
364	1.24626e-08
365	1.24228e-08
366	1.23882e-08
367	1.23487e-08
368	1.23143e-08
369	1.22751e-08
370	1.2241e-08
371	1.2202e-08
372	1.21681e-08
373	1.21294e-08
374	1.2096e-08
375	1.20573e-08
376	1.20241e-08
377	1.19858e-08
378	1.19527e-08
379	1.19149e-08
380	1.18818e-08
381	1.18446e-08
382	1.18115e-08
383	1.17746e-08
384	1.17416e-08
385	1.17051e-08
386	1.16721e-08
387	1.16361e-08
388	1.16031e-08
389	1.15675e-08
390	1.15347e-08
391	1.14995e-08
392	1.14667e-08
393	1.14318e-08
394	1.13991e-08
395	1.13646e-08
396	1.13321e-08
397	1.12978e-08
398	1.12654e-08
399	1.12314e-08
400	1.11993e-08
401	1.11655e-08
402	1.11336e-08
403	1.11e-08
404	1.10683e-08
405	1.10349e-08
406	1.10035e-08
407	1.09703e-08
408	1.09391e-08
409	1.09062e-08
410	1.08753e-08
411	1.08426e-08
412	1.08118e-08
413	1.07793e-08
414	1.07487e-08
415	1.07165e-08
416	1.06861e-08
417	1.06541e-08
418	1.06238e-08
419	1.0592e-08
420	1.05622e-08
421	1.05305e-08
422	1.05007e-08
423	1.04693e-08
424	1.04397e-08
425	1.04085e-08
426	1.03792e-08
427	1.03482e-08
428	1.03189e-08
429	1.02883e-08
430	1.02592e-08
431	1.02286e-08
432	1.01999e-08
433	1.01696e-08
434	1.01409e-08
435	1.01107e-08
436	1.00824e-08
437	1.00522e-08
438	1.00241e-08
439	9.99414e-09
440	9.96641e-09
441	9.93642e-09
442	9.90879e-09
443	9.87908e-09
444	9.85201e-09
445	9.82213e-09
446	9.79477e-09
447	9.76551e-09
448	9.73896e-09
449	9.70937e-09
450	9.6823e-09
451	9.65348e-09
452	9.62756e-09
453	9.59801e-09
454	9.57113e-09
455	9.54297e-09
456	9.51639e-09
457	9.48815e-09
458	9.46176e-09
459	9.43376e-09
460	9.40708e-09
461	9.3796e-09
462	9.35941e-09
463	9.32615e-09
464	9.29937e-09
465	9.27203e-09
466	9.24579e-09
467	9.2196e-09
468	9.193e-09
469	9.16667e-09
470	9.14047e-09
471	9.11437e-09
472	9.08815e-09
473	9.06232e-09
474	9.03653e-09
475	9.01044e-09
476	8.98629e-09
477	8.95899e-09
478	8.93312e-09
479	8.90787e-09
480	8.88226e-09
481	8.85688e-09
482	8.83198e-09
483	8.80646e-09
484	8.78106e-09
485	8.75619e-09
486	8.73094e-09
487	8.7062e-09
488	8.68116e-09
489	8.65653e-09
490	8.63169e-09
491	8.60732e-09
492	8.58249e-09
493	8.55817e-09
494	8.5337e-09
495	8.50947e-09
496	8.48507e-09
497	8.461e-09
498	8.43691e-09
499	8.41297e-09
500	8.38895e-09
501	8.36518e-09
502	8.34131e-09
503	8.31774e-09
504	8.29396e-09
505	8.27058e-09
506	8.24703e-09
507	8.22371e-09
508	8.2002e-09
509	8.17712e-09
510	8.15373e-09
511	8.13078e-09
512	8.10754e-09
513	8.08483e-09
514	8.0617e-09
515	8.03898e-09
516	8.01608e-09
517	7.99342e-09
518	7.97075e-09
519	7.94825e-09
520	7.92577e-09
521	7.90333e-09
522	7.8809e-09
523	7.85875e-09
524	7.83643e-09
525	7.81431e-09
526	7.79213e-09
527	7.7702e-09
528	7.74827e-09
529	7.72635e-09
530	7.70447e-09
531	7.68275e-09
532	7.66099e-09
533	7.63942e-09
534	7.61777e-09
535	7.59638e-09
536	7.57499e-09
537	7.55354e-09
538	7.53226e-09
539	7.51098e-09
540	7.48992e-09
541	7.4687e-09
542	7.44775e-09
543	7.42662e-09
544	7.40588e-09
545	7.38482e-09
546	7.36425e-09
547	7.34327e-09
548	7.32288e-09
549	7.30198e-09
550	7.28175e-09
551	7.26098e-09
552	7.24087e-09
553	7.2203e-09
554	7.20025e-09
555	7.17976e-09
556	7.15988e-09
557	7.13947e-09
558	7.11975e-09
559	7.09949e-09
560	7.07993e-09
561	7.05971e-09
562	7.04017e-09
563	7.02018e-09
564	7.0008e-09
565	6.9809e-09
566	6.96162e-09
567	6.9418e-09
568	6.92271e-09
569	6.90295e-09
570	6.88403e-09
571	6.86434e-09
572	6.84561e-09
573	6.82595e-09
574	6.80739e-09
575	6.78779e-09
576	6.7694e-09
577	6.74985e-09
578	6.73161e-09
579	6.71212e-09
580	6.69405e-09
581	6.6746e-09
582	6.6567e-09
583	6.63732e-09
584	6.61956e-09
585	6.60025e-09
586	6.58265e-09
587	6.56341e-09
588	6.54597e-09
589	6.52678e-09
590	6.50949e-09
591	6.49038e-09
592	6.47322e-09
593	6.45417e-09
594	6.43714e-09
595	6.41815e-09
596	6.40127e-09
597	6.38241e-09
598	6.36558e-09
599	6.34677e-09
600	6.33013e-09
601	6.31144e-09
602	6.2949e-09
603	6.27628e-09
604	6.25983e-09
605	6.24134e-09
606	6.22497e-09
607	6.2066e-09
608	6.19033e-09
609	6.17206e-09
610	6.1559e-09
611	6.13771e-09
612	6.12166e-09
613	6.10353e-09
614	6.08762e-09
615	6.06956e-09
616	6.05379e-09
617	6.03578e-09
618	6.02016e-09
619	6.00219e-09
620	5.98673e-09
621	5.96881e-09
622	5.95351e-09
623	5.93565e-09
624	5.92052e-09
625	5.90265e-09
626	5.88761e-09
627	5.86988e-09
628	5.85501e-09
629	5.8373e-09
630	5.82246e-09
631	5.80491e-09
632	5.79023e-09
633	5.77276e-09
634	5.75813e-09
635	5.74074e-09
636	5.72624e-09
637	5.70893e-09
638	5.69456e-09
639	5.67729e-09
640	5.66295e-09
641	5.64586e-09
642	5.63159e-09
643	5.61463e-09
644	5.60037e-09
645	5.58354e-09
646	5.56936e-09
647	5.55263e-09
648	5.5385e-09
649	5.52192e-09
650	5.5078e-09
651	5.49136e-09
652	5.47737e-09
653	5.46103e-09
654	5.44699e-09
655	5.43082e-09
656	5.41682e-09
657	5.40084e-09
658	5.38682e-09
659	5.37099e-09
660	5.357e-09
661	5.3413e-09
662	5.32735e-09
663	5.31178e-09
664	5.2979e-09
665	5.28244e-09
666	5.2686e-09
667	5.25326e-09
668	5.23947e-09
669	5.22426e-09
670	5.21051e-09
671	5.19542e-09
672	5.18171e-09
673	5.16675e-09
674	5.15308e-09
675	5.13823e-09
676	5.1246e-09
677	5.10988e-09
678	5.09629e-09
679	5.08168e-09
680	5.06814e-09
681	5.05365e-09
682	5.04016e-09
683	5.02578e-09
684	5.01235e-09
685	4.99806e-09
686	4.9847e-09
687	4.97048e-09
688	4.9573e-09
689	4.94309e-09
690	4.92995e-09
691	4.91581e-09
692	4.9028e-09
693	4.88873e-09
694	4.87581e-09
695	4.86178e-09
696	4.84897e-09
697	4.83499e-09
698	4.82229e-09
699	4.80834e-09
700	4.79575e-09
701	4.78185e-09
702	4.76936e-09
703	4.75551e-09
704	4.74312e-09
705	4.72932e-09
706	4.71703e-09
707	4.7033e-09
708	4.69107e-09
709	4.67742e-09
710	4.66526e-09
711	4.65168e-09
712	4.63958e-09
713	4.62611e-09
714	4.61405e-09
715	4.60069e-09
716	4.58866e-09
717	4.57542e-09
718	4.56341e-09
719	4.55029e-09
720	4.53829e-09
721	4.52529e-09
722	4.51331e-09
723	4.50042e-09
724	4.48846e-09
725	4.47578e-09
726	4.46379e-09
727	4.45118e-09
728	4.43919e-09
729	4.42673e-09
730	4.41483e-09
731	4.40244e-09
732	4.39054e-09
733	4.37831e-09
734	4.3664e-09
735	4.35425e-09
736	4.34237e-09
737	4.33034e-09
738	4.3185e-09
739	4.30657e-09
740	4.29474e-09
741	4.28291e-09
742	4.27112e-09
743	4.25938e-09
744	4.24765e-09
745	4.23598e-09
746	4.2243e-09
747	4.21269e-09
748	4.20107e-09
749	4.18952e-09
750	4.17797e-09
751	4.16646e-09
752	4.15507e-09
753	4.14356e-09
754	4.1322e-09
755	4.12075e-09
756	4.10954e-09
757	4.09814e-09
758	4.08692e-09
759	4.0756e-09
760	4.06446e-09
761	4.05324e-09
762	4.04212e-09
763	4.03097e-09
764	4.0199e-09
765	4.00884e-09
766	3.9978e-09
767	3.98686e-09
768	3.97587e-09
769	3.96501e-09
770	3.95404e-09
771	3.94326e-09
772	3.93237e-09
773	3.92172e-09
774	3.91081e-09
775	3.90019e-09
776	3.88932e-09
777	3.87882e-09
778	3.86809e-09
779	3.85758e-09
780	3.84687e-09
781	3.83643e-09
782	3.82581e-09
783	3.81542e-09
784	3.80487e-09
785	3.79458e-09
786	3.78408e-09
787	3.77375e-09
788	3.76336e-09
789	3.75312e-09
790	3.74281e-09
791	3.73253e-09
792	3.72232e-09
793	3.71207e-09
794	3.70197e-09
795	3.69176e-09
796	3.68175e-09
797	3.67155e-09
798	3.66155e-09
799	3.65143e-09
800	3.64157e-09
801	3.63148e-09
802	3.62161e-09
803	3.61157e-09
804	3.60185e-09
805	3.59184e-09
806	3.58213e-09
807	3.57218e-09
808	3.56255e-09
809	3.55265e-09
810	3.54307e-09
811	3.53319e-09
812	3.52374e-09
813	3.51392e-09
814	3.50449e-09
815	3.49465e-09
816	3.48532e-09
817	3.47559e-09
818	3.46631e-09
819	3.45656e-09
820	3.44735e-09
821	3.43766e-09
822	3.42851e-09
823	3.41888e-09
824	3.40978e-09
825	3.40019e-09
826	3.39114e-09
827	3.38168e-09
828	3.37263e-09
829	3.36318e-09
830	3.35418e-09
831	3.34486e-09
832	3.33588e-09
833	3.32656e-09
834	3.31763e-09
835	3.30844e-09
836	3.29955e-09
837	3.29033e-09
838	3.28152e-09
839	3.27239e-09
840	3.26369e-09
841	3.25453e-09
842	3.24588e-09
843	3.23677e-09
844	3.2282e-09
845	3.2191e-09
846	3.2106e-09
847	3.20156e-09
848	3.19313e-09
849	3.1841e-09
850	3.17571e-09
851	3.16674e-09
852	3.15842e-09
853	3.14947e-09
854	3.14122e-09
855	3.1323e-09
856	3.12412e-09
857	3.11523e-09
858	3.10712e-09
859	3.09824e-09
860	3.0902e-09
861	3.08135e-09
862	3.07338e-09
863	3.06455e-09
864	3.05665e-09
865	3.04786e-09
866	3.04001e-09
867	3.03126e-09
868	3.02347e-09
869	3.01475e-09
870	3.00702e-09
871	2.99833e-09
872	2.99066e-09
873	2.982e-09
874	2.97437e-09
875	2.96575e-09
876	2.95818e-09
877	2.94959e-09
878	2.94207e-09
879	2.93353e-09
880	2.92605e-09
881	2.91754e-09
882	2.9101e-09
883	2.90166e-09
884	2.89424e-09
885	2.88586e-09
886	2.87847e-09
887	2.87016e-09
888	2.8628e-09
889	2.85454e-09
890	2.8472e-09
891	2.83899e-09
892	2.83168e-09
893	2.82354e-09
894	2.81625e-09
895	2.80815e-09
896	2.8009e-09
897	2.79287e-09
898	2.78564e-09
899	2.77767e-09
900	2.77045e-09
901	2.76255e-09
902	2.75537e-09
903	2.74751e-09
904	2.74036e-09
905	2.73255e-09
906	2.72544e-09
907	2.71768e-09
908	2.71061e-09
909	2.7029e-09
910	2.69586e-09
911	2.68819e-09
912	2.6812e-09
913	2.67356e-09
914	2.66662e-09
915	2.65902e-09
916	2.65212e-09
917	2.64456e-09
918	2.63769e-09
919	2.63019e-09
920	2.62335e-09
921	2.61589e-09
922	2.60907e-09
923	2.60167e-09
924	2.59488e-09
925	2.58753e-09
926	2.58076e-09
927	2.57347e-09
928	2.56672e-09
929	2.5595e-09
930	2.55275e-09
931	2.5456e-09
932	2.53886e-09
933	2.53177e-09
934	2.52505e-09
935	2.51802e-09
936	2.5113e-09
937	2.50433e-09
938	2.49764e-09
939	2.49073e-09
940	2.48405e-09
941	2.47719e-09
942	2.47053e-09
943	2.46372e-09
944	2.45709e-09
945	2.45033e-09
946	2.44373e-09
947	2.43701e-09
948	2.43043e-09
949	2.42376e-09
950	2.41721e-09
951	2.41059e-09
952	2.40407e-09
953	2.39748e-09
954	2.391e-09
955	2.38445e-09
956	2.37799e-09
957	2.37149e-09
958	2.36506e-09
959	2.3586e-09
960	2.3522e-09
961	2.34577e-09
962	2.3394e-09
963	2.33301e-09
964	2.32668e-09
965	2.32034e-09
966	2.31404e-09
967	2.30773e-09
968	2.30146e-09
969	2.29518e-09
970	2.28896e-09
971	2.2827e-09
972	2.27653e-09
973	2.2703e-09
974	2.26417e-09
975	2.25797e-09
976	2.25188e-09
977	2.24571e-09
978	2.23966e-09
979	2.23352e-09
980	2.22749e-09
981	2.22139e-09
982	2.2154e-09
983	2.20933e-09
984	2.20337e-09
985	2.19733e-09
986	2.19141e-09
987	2.18538e-09
988	2.17952e-09
989	2.17351e-09
990	2.16769e-09
991	2.16171e-09
992	2.15592e-09
993	2.14996e-09
994	2.14422e-09
995	2.13828e-09
996	2.13257e-09
997	2.12667e-09
998	2.12099e-09
999	2.11512e-09
1000	2.10946e-09
1001	2.10364e-09
1002	2.09799e-09
1003	2.09221e-09
1004	2.08658e-09
1005	2.08085e-09
1006	2.07523e-09
1007	2.06954e-09
1008	2.06394e-09
1009	2.0583e-09
1010	2.05272e-09
1011	2.04712e-09
1012	2.04156e-09
1013	2.036e-09
1014	2.03046e-09
1015	2.02494e-09
1016	2.01942e-09
1017	2.01395e-09
1018	2.00846e-09
1019	2.00301e-09
1020	1.99756e-09
1021	1.99214e-09
1022	1.98672e-09
1023	1.98133e-09
1024	1.97593e-09
1025	1.97057e-09
1026	1.96521e-09
1027	1.95988e-09
1028	1.95454e-09
1029	1.94924e-09
1030	1.94392e-09
1031	1.93866e-09
1032	1.93337e-09
1033	1.92813e-09
1034	1.92287e-09
1035	1.91766e-09
1036	1.91243e-09
1037	1.90725e-09
1038	1.90206e-09
1039	1.8969e-09
1040	1.89174e-09
1041	1.8866e-09
1042	1.88149e-09
1043	1.87637e-09
1044	1.8713e-09
1045	1.86619e-09
1046	1.86116e-09
1047	1.85607e-09
1048	1.85107e-09
1049	1.84599e-09
1050	1.84105e-09
1051	1.836e-09
1052	1.83107e-09
1053	1.82605e-09
1054	1.82114e-09
1055	1.81616e-09
1056	1.81128e-09
1057	1.80631e-09
1058	1.80147e-09
1059	1.79652e-09
1060	1.79171e-09
1061	1.78678e-09
1062	1.78201e-09
1063	1.77709e-09
1064	1.77235e-09
1065	1.76746e-09
1066	1.76274e-09
1067	1.75787e-09
1068	1.75322e-09
1069	1.74835e-09
1070	1.7437e-09
1071	1.73886e-09
1072	1.73426e-09
1073	1.72943e-09
1074	1.72486e-09
1075	1.72005e-09
1076	1.71551e-09
1077	1.71072e-09
1078	1.70621e-09
1079	1.70146e-09
1080	1.69697e-09
1081	1.69224e-09
1082	1.68777e-09
1083	1.68308e-09
1084	1.67863e-09
1085	1.67397e-09
1086	1.66954e-09
1087	1.6649e-09
1088	1.66051e-09
1089	1.65588e-09
1090	1.65152e-09
1091	1.64691e-09
1092	1.64259e-09
1093	1.63799e-09
1094	1.6337e-09
1095	1.62912e-09
1096	1.62484e-09
1097	1.6203e-09
1098	1.61607e-09
1099	1.61153e-09
1100	1.60732e-09
1101	1.60281e-09
1102	1.59862e-09
1103	1.59414e-09
1104	1.58998e-09
1105	1.58551e-09
1106	1.58139e-09
1107	1.57693e-09
1108	1.57284e-09
1109	1.5684e-09
1110	1.56433e-09
1111	1.55991e-09
1112	1.55586e-09
1113	1.55146e-09
1114	1.54745e-09
1115	1.54307e-09
1116	1.53908e-09
1117	1.53471e-09
1118	1.53074e-09
1119	1.5264e-09
1120	1.52249e-09
1121	1.51814e-09
1122	1.51425e-09
1123	1.50991e-09
1124	1.50607e-09
1125	1.50174e-09
1126	1.49793e-09
1127	1.4936e-09
1128	1.48984e-09
1129	1.48552e-09
1130	1.48179e-09
1131	1.47747e-09
1132	1.47379e-09
1133	1.46946e-09
1134	1.46582e-09
1135	1.46151e-09
1136	1.4579e-09
1137	1.4536e-09
1138	1.45002e-09
1139	1.44572e-09
1140	1.44218e-09
1141	1.43789e-09
1142	1.43438e-09
1143	1.4301e-09
1144	1.42662e-09
1145	1.42236e-09
1146	1.41891e-09
1147	1.41466e-09
1148	1.41123e-09
1149	1.407e-09
1150	1.40358e-09
1151	1.3994e-09
1152	1.39599e-09
1153	1.39181e-09
1154	1.38843e-09
1155	1.38428e-09
1156	1.38093e-09
1157	1.37678e-09
1158	1.37345e-09
1159	1.36934e-09
1160	1.36602e-09
1161	1.36193e-09
1162	1.35863e-09
1163	1.35456e-09
1164	1.35129e-09
1165	1.34723e-09
1166	1.34398e-09
1167	1.33995e-09
1168	1.33671e-09
1169	1.3327e-09
1170	1.32948e-09
1171	1.3255e-09
1172	1.32229e-09
1173	1.31833e-09
1174	1.31513e-09
1175	1.3112e-09
1176	1.30802e-09
1177	1.30411e-09
1178	1.30094e-09
1179	1.29706e-09
1180	1.2939e-09
1181	1.29004e-09
1182	1.2869e-09
1183	1.28307e-09
1184	1.27994e-09
1185	1.27613e-09
1186	1.27301e-09
1187	1.26923e-09
1188	1.26613e-09
1189	1.26237e-09
1190	1.25928e-09
1191	1.25554e-09
1192	1.25247e-09
1193	1.24875e-09
1194	1.2457e-09
1195	1.242e-09
1196	1.23896e-09
1197	1.23529e-09
1198	1.23226e-09
1199	1.22861e-09
1200	1.22558e-09
1201	1.22196e-09
1202	1.21897e-09
1203	1.21536e-09
1204	1.21236e-09
1205	1.20878e-09
1206	1.2058e-09
1207	1.20224e-09
1208	1.19927e-09
1209	1.19575e-09
1210	1.19279e-09
1211	1.18928e-09
1212	1.18633e-09
1213	1.18285e-09
1214	1.17992e-09
1215	1.17645e-09
1216	1.17354e-09
1217	1.1701e-09
1218	1.16719e-09
1219	1.16377e-09
1220	1.16088e-09
1221	1.15748e-09
1222	1.1546e-09
1223	1.15122e-09
1224	1.14835e-09
1225	1.145e-09
1226	1.14214e-09
1227	1.13881e-09
1228	1.13596e-09
1229	1.13266e-09
1230	1.12981e-09
1231	1.12653e-09
1232	1.1237e-09
1233	1.12044e-09
1234	1.11763e-09
1235	1.11438e-09
1236	1.11158e-09
1237	1.10836e-09
1238	1.10557e-09
1239	1.10237e-09
1240	1.0996e-09
1241	1.0964e-09
1242	1.09365e-09
1243	1.09047e-09
1244	1.08774e-09
1245	1.08458e-09
1246	1.08187e-09
1247	1.07871e-09
1248	1.07602e-09
1249	1.07288e-09
1250	1.07022e-09
1251	1.06709e-09
1252	1.06444e-09
1253	1.06133e-09
1254	1.05869e-09
1255	1.0556e-09
1256	1.05297e-09
1257	1.04991e-09
1258	1.04729e-09
1259	1.04424e-09
1260	1.04163e-09
1261	1.0386e-09
1262	1.036e-09
1263	1.03299e-09
1264	1.03042e-09
1265	1.02742e-09
1266	1.02485e-09
1267	1.02187e-09
1268	1.01931e-09
1269	1.01636e-09
1270	1.01381e-09
1271	1.01087e-09
1272	1.00833e-09
1273	1.00542e-09
1274	1.00288e-09
1275	9.99998e-10
1276	9.97458e-10
1277	9.94602e-10
1278	9.92067e-10
1279	9.89234e-10
1280	9.86704e-10
1281	9.83896e-10
1282	9.81368e-10
1283	9.78583e-10
1284	9.76058e-10
1285	9.73294e-10
1286	9.70776e-10
1287	9.68054e-10
1288	9.6553e-10
1289	9.62819e-10
1290	9.60309e-10
1291	9.57618e-10
1292	9.55126e-10
1293	9.52443e-10
1294	9.49966e-10
1295	9.47296e-10
1296	9.44832e-10
1297	9.42177e-10
1298	9.39726e-10
1299	9.37081e-10
1300	9.34644e-10
1301	9.32026e-10
1302	9.29593e-10
1303	9.2698e-10
1304	9.24561e-10
1305	9.2197e-10
1306	9.19563e-10
1307	9.16988e-10
1308	9.14589e-10
1309	9.12033e-10
1310	9.09648e-10
1311	9.07107e-10
1312	9.04734e-10
1313	9.02211e-10
1314	8.99845e-10
1315	8.97343e-10
1316	8.94985e-10
1317	8.92507e-10
1318	8.90156e-10
1319	8.87697e-10
1320	8.85353e-10
1321	8.82912e-10
1322	8.80575e-10
1323	8.78152e-10
1324	8.75825e-10
1325	8.73411e-10
1326	8.71097e-10
1327	8.68707e-10
1328	8.66402e-10
1329	8.64024e-10
1330	8.61724e-10
1331	8.59374e-10
1332	8.57074e-10
1333	8.54735e-10
1334	8.52447e-10
1335	8.50127e-10
1336	8.47844e-10
1337	8.45539e-10
1338	8.43282e-10
1339	8.40976e-10
1340	8.38723e-10
1341	8.36445e-10
1342	8.34202e-10
1343	8.31928e-10
1344	8.29699e-10
1345	8.27435e-10
1346	8.25229e-10
1347	8.22966e-10
1348	8.20779e-10
1349	8.18522e-10
1350	8.16354e-10
1351	8.14101e-10
1352	8.11951e-10
1353	8.09702e-10
1354	8.07571e-10
1355	8.05325e-10
1356	8.03215e-10
1357	8.00982e-10
1358	7.98888e-10
1359	7.96664e-10
1360	7.94572e-10
1361	7.92354e-10
1362	7.9029e-10
1363	7.88088e-10
1364	7.86031e-10
1365	7.83822e-10
1366	7.8179e-10
1367	7.79607e-10
1368	7.77579e-10
1369	7.75397e-10
1370	7.73382e-10
1371	7.71218e-10
1372	7.6921e-10
1373	7.6706e-10
1374	7.6507e-10
1375	7.6293e-10
1376	7.60938e-10
1377	7.58816e-10
1378	7.56833e-10
1379	7.54733e-10
1380	7.5275e-10
1381	7.5067e-10
1382	7.48685e-10
1383	7.46627e-10
1384	7.44657e-10
1385	7.42611e-10
1386	7.4064e-10
1387	7.38609e-10
1388	7.36651e-10
1389	7.34631e-10
1390	7.32688e-10
1391	7.30665e-10
1392	7.28743e-10
1393	7.26737e-10
1394	7.24826e-10
1395	7.22815e-10
1396	7.20925e-10
1397	7.18918e-10
1398	7.17048e-10
1399	7.15042e-10
1400	7.13189e-10
1401	7.11186e-10
1402	7.09351e-10
1403	7.07349e-10
1404	7.05509e-10
1405	7.03523e-10
1406	7.01763e-10
1407	6.99746e-10
1408	6.97955e-10
1409	6.95967e-10
1410	6.94199e-10
1411	6.92213e-10
1412	6.90459e-10
1413	6.88486e-10
1414	6.86743e-10
1415	6.8477e-10
1416	6.83039e-10
1417	6.81075e-10
1418	6.79358e-10
1419	6.77409e-10
1420	6.757e-10
1421	6.73757e-10
1422	6.72047e-10
1423	6.70133e-10
1424	6.68426e-10
1425	6.66512e-10
1426	6.64817e-10
1427	6.62921e-10
1428	6.61237e-10
1429	6.59348e-10
1430	6.57665e-10
1431	6.55798e-10
1432	6.54116e-10
1433	6.52254e-10
1434	6.50588e-10
1435	6.48746e-10
1436	6.47081e-10
1437	6.45244e-10
1438	6.43591e-10
1439	6.41768e-10
1440	6.40123e-10
1441	6.38308e-10
1442	6.36668e-10
1443	6.34873e-10
1444	6.3324e-10
1445	6.31453e-10
1446	6.29824e-10
1447	6.28051e-10
1448	6.26435e-10
1449	6.24669e-10
1450	6.23054e-10
1451	6.21304e-10
1452	6.19695e-10
1453	6.17958e-10
1454	6.16356e-10
1455	6.14625e-10
1456	6.13042e-10
1457	6.11316e-10
1458	6.09736e-10
1459	6.08021e-10
1460	6.06453e-10
1461	6.04748e-10
1462	6.03193e-10
1463	6.01484e-10
1464	5.99939e-10
1465	5.98245e-10
1466	5.96713e-10
1467	5.95028e-10
1468	5.93496e-10
1469	5.91817e-10
1470	5.90286e-10
1471	5.88625e-10
1472	5.87149e-10
1473	5.85462e-10
1474	5.8395e-10
1475	5.82299e-10
1476	5.80842e-10
1477	5.79184e-10
1478	5.77684e-10
1479	5.76057e-10
1480	5.74576e-10
1481	5.7296e-10
1482	5.71477e-10
1483	5.69871e-10
1484	5.68395e-10
1485	5.66801e-10
1486	5.65332e-10
1487	5.63749e-10
1488	5.62294e-10
1489	5.6071e-10
1490	5.5926e-10
1491	5.57662e-10
1492	5.56249e-10
1493	5.54715e-10
1494	5.53257e-10
1495	5.51701e-10
1496	5.50276e-10
1497	5.48732e-10
1498	5.47315e-10
1499	5.4577e-10
1500	5.44366e-10
1501	5.42833e-10
1502	5.41439e-10
1503	5.39907e-10
1504	5.38523e-10
1505	5.37005e-10
1506	5.35621e-10
1507	5.34108e-10
1508	5.32744e-10
1509	5.31233e-10
1510	5.29873e-10
1511	5.28369e-10
1512	5.27017e-10
1513	5.25529e-10
1514	5.24184e-10
1515	5.22696e-10
1516	5.21353e-10
1517	5.19887e-10
1518	5.18548e-10
1519	5.1708e-10
1520	5.15751e-10
1521	5.14299e-10
1522	5.12975e-10
1523	5.11521e-10
1524	5.10213e-10
1525	5.08769e-10
1526	5.07468e-10
1527	5.06021e-10
1528	5.04731e-10
1529	5.03297e-10
1530	5.02014e-10
1531	5.0058e-10
1532	4.99313e-10
1533	4.97888e-10
1534	4.96623e-10
1535	4.95201e-10
1536	4.93953e-10
1537	4.92533e-10
1538	4.91289e-10
1539	4.89879e-10
1540	4.88647e-10
1541	4.87239e-10
1542	4.86007e-10
1543	4.84617e-10
1544	4.83358e-10
1545	4.82015e-10
1546	4.80802e-10
1547	4.79408e-10
1548	4.78195e-10
1549	4.76821e-10
1550	4.75616e-10
1551	4.7426e-10
1552	4.7304e-10
1553	4.717e-10
1554	4.70523e-10
1555	4.69166e-10
1556	4.6797e-10
1557	4.66639e-10
1558	4.65452e-10
1559	4.64128e-10
1560	4.62928e-10
1561	4.61623e-10
1562	4.60468e-10
1563	4.59146e-10
1564	4.57967e-10
1565	4.56673e-10
1566	4.555e-10
1567	4.54217e-10
1568	4.53044e-10
1569	4.51768e-10
1570	4.50601e-10
1571	4.49335e-10
1572	4.48172e-10
1573	4.46914e-10
1574	4.45756e-10
1575	4.44506e-10
1576	4.43353e-10
1577	4.42112e-10
1578	4.40964e-10
1579	4.3973e-10
1580	4.38587e-10
1581	4.3736e-10
1582	4.36212e-10
1583	4.34998e-10
1584	4.33893e-10
1585	4.32657e-10
1586	4.31539e-10
1587	4.30325e-10
1588	4.29214e-10
1589	4.2801e-10
1590	4.26903e-10
1591	4.25703e-10
1592	4.24603e-10
1593	4.23411e-10
1594	4.22315e-10
1595	4.21129e-10
1596	4.2004e-10
1597	4.18861e-10
1598	4.17777e-10
1599	4.16606e-10
1600	4.15526e-10
1601	4.14363e-10
1602	4.13287e-10
1603	4.12133e-10
1604	4.11062e-10
1605	4.09914e-10
1606	4.08852e-10
1607	4.07708e-10
1608	4.06653e-10
1609	4.05513e-10
1610	4.04465e-10
1611	4.03329e-10
1612	4.02289e-10
1613	4.01158e-10
1614	4.00125e-10
1615	3.99001e-10
1616	3.97972e-10
1617	3.96852e-10
1618	3.9583e-10
1619	3.94716e-10
1620	3.937e-10
1621	3.9259e-10
1622	3.91582e-10
1623	3.90453e-10
1624	3.8948e-10
1625	3.88389e-10
1626	3.87381e-10
1627	3.86273e-10
1628	3.85287e-10
1629	3.84218e-10
1630	3.83225e-10
1631	3.82134e-10
1632	3.81161e-10
1633	3.80076e-10
1634	3.79113e-10
1635	3.78033e-10
1636	3.77072e-10
1637	3.75978e-10
1638	3.75048e-10
1639	3.73987e-10
1640	3.73025e-10
1641	3.71959e-10
1642	3.71017e-10
1643	3.69957e-10
1644	3.69026e-10
1645	3.67966e-10
1646	3.6704e-10
1647	3.65978e-10
1648	3.65065e-10
1649	3.64035e-10
1650	3.63105e-10
1651	3.62066e-10
1652	3.61152e-10
1653	3.60119e-10
1654	3.59213e-10
1655	3.58186e-10
1656	3.5728e-10
1657	3.56263e-10
1658	3.5536e-10
1659	3.5435e-10
1660	3.53451e-10
1661	3.52448e-10
1662	3.51551e-10
1663	3.50555e-10
1664	3.49662e-10
1665	3.48664e-10
1666	3.47797e-10
1667	3.46796e-10
1668	3.45918e-10
1669	3.44937e-10
1670	3.44058e-10
1671	3.43082e-10
1672	3.4221e-10
1673	3.41238e-10
1674	3.40371e-10
1675	3.39402e-10
1676	3.38544e-10
1677	3.37578e-10
1678	3.36727e-10
1679	3.35761e-10
1680	3.34919e-10
1681	3.33956e-10
1682	3.33121e-10
1683	3.32159e-10
1684	3.31332e-10
1685	3.30375e-10
1686	3.29553e-10
1687	3.28599e-10
1688	3.27782e-10
1689	3.26835e-10
1690	3.26021e-10
1691	3.25076e-10
1692	3.2427e-10
1693	3.23331e-10
1694	3.22528e-10
1695	3.2159e-10
1696	3.20794e-10
1697	3.19864e-10
1698	3.19071e-10
1699	3.18142e-10
1700	3.17357e-10
1701	3.16434e-10
1702	3.15652e-10
1703	3.14731e-10
1704	3.13958e-10
1705	3.13041e-10
1706	3.12272e-10
1707	3.11355e-10
1708	3.10595e-10
1709	3.09684e-10
1710	3.08928e-10
1711	3.08018e-10
1712	3.07269e-10
1713	3.06366e-10
1714	3.0562e-10
1715	3.04718e-10
1716	3.03978e-10
1717	3.03086e-10
1718	3.02346e-10
1719	3.01455e-10
1720	3.00722e-10
1721	2.99841e-10
1722	2.99106e-10
1723	2.98226e-10
1724	2.97498e-10
1725	2.96628e-10
1726	2.95898e-10
1727	2.95033e-10
1728	2.94307e-10
1729	2.93453e-10
1730	2.92724e-10
1731	2.91873e-10
1732	2.9115e-10
1733	2.90309e-10
1734	2.89583e-10
1735	2.88746e-10
1736	2.88026e-10
1737	2.87201e-10
1738	2.86478e-10
1739	2.85653e-10
1740	2.84938e-10
1741	2.84123e-10
1742	2.83406e-10
1743	2.82591e-10
1744	2.81884e-10
1745	2.81081e-10
1746	2.80369e-10
1747	2.79563e-10
1748	2.78862e-10
1749	2.78063e-10
1750	2.77364e-10
1751	2.76564e-10
1752	2.75873e-10
1753	2.75087e-10
1754	2.74391e-10
1755	2.73597e-10
1756	2.72916e-10
1757	2.72126e-10
1758	2.71449e-10
1759	2.70661e-10
1760	2.69989e-10
1761	2.69208e-10
1762	2.68536e-10
1763	2.67758e-10
1764	2.67092e-10
1765	2.66331e-10
1766	2.65657e-10
1767	2.64889e-10
1768	2.64228e-10
1769	2.63467e-10
1770	2.62808e-10
1771	2.6205e-10
1772	2.61387e-10
1773	2.6064e-10
1774	2.59992e-10
1775	2.59252e-10
1776	2.58592e-10
1777	2.5787e-10
1778	2.57203e-10
1779	2.56463e-10
1780	2.55821e-10
1781	2.55083e-10
1782	2.54446e-10
1783	2.53737e-10
1784	2.5308e-10
1785	2.52349e-10
1786	2.5172e-10
1787	2.50992e-10
1788	2.50367e-10
1789	2.4966e-10
1790	2.49021e-10
1791	2.48301e-10
1792	2.47683e-10
1793	2.46965e-10
1794	2.46352e-10
1795	2.45655e-10
1796	2.45028e-10
1797	2.44317e-10
1798	2.43711e-10
1799	2.43002e-10
1800	2.42402e-10
1801	2.4171e-10
1802	2.411e-10
1803	2.40395e-10
1804	2.39805e-10
1805	2.39109e-10
1806	2.38517e-10
1807	2.37813e-10
1808	2.37237e-10
1809	2.36638e-10
1810	2.35967e-10
1811	2.35261e-10
1812	2.34695e-10
1813	2.33998e-10
1814	2.33436e-10
1815	2.3274e-10
1816	2.32183e-10
1817	2.31489e-10
1818	2.30936e-10
1819	2.30245e-10
1820	2.29696e-10
1821	2.29009e-10
1822	2.28462e-10
1823	2.27779e-10
1824	2.27234e-10
1825	2.26555e-10
1826	2.26013e-10
1827	2.25338e-10
1828	2.24797e-10
1829	2.24128e-10
1830	2.23588e-10
1831	2.22924e-10
1832	2.22386e-10
1833	2.21728e-10
1834	2.21189e-10
1835	2.20537e-10
1836	2.2e-10
1837	2.19353e-10
1838	2.18818e-10
1839	2.18174e-10
1840	2.17641e-10
1841	2.17002e-10
1842	2.16472e-10
1843	2.15836e-10
1844	2.15307e-10
1845	2.14675e-10
1846	2.1415e-10
1847	2.13522e-10
1848	2.12998e-10
1849	2.12375e-10
1850	2.11852e-10
1851	2.11235e-10
1852	2.10712e-10
1853	2.10101e-10
1854	2.0958e-10
1855	2.08974e-10
1856	2.08452e-10
1857	2.07856e-10
1858	2.07334e-10
1859	2.06739e-10
1860	2.06221e-10
1861	2.0563e-10
1862	2.05114e-10
1863	2.04527e-10
1864	2.04013e-10
1865	2.0343e-10
1866	2.02918e-10
1867	2.0234e-10
1868	2.01828e-10
1869	2.01255e-10
1870	2.00745e-10
1871	2.00176e-10
1872	1.99668e-10
1873	1.99102e-10
1874	1.98598e-10
1875	1.98035e-10
1876	1.97529e-10
1877	1.96967e-10
1878	1.96481e-10
1879	1.95923e-10
1880	1.9542e-10
1881	1.94867e-10
1882	1.94372e-10
1883	1.93822e-10
1884	1.9333e-10
1885	1.92782e-10
1886	1.92292e-10
1887	1.91748e-10
1888	1.91255e-10
1889	1.9072e-10
1890	1.90243e-10
1891	1.89696e-10
1892	1.89218e-10
1893	1.88677e-10
1894	1.88203e-10
1895	1.87665e-10
1896	1.87195e-10
1897	1.86656e-10
1898	1.86192e-10
1899	1.85654e-10
1900	1.85195e-10
1901	1.84654e-10
1902	1.84201e-10
1903	1.83675e-10
1904	1.83214e-10
1905	1.82683e-10
1906	1.82232e-10
1907	1.81704e-10
1908	1.81255e-10
1909	1.8073e-10
1910	1.80283e-10
1911	1.79761e-10
1912	1.79315e-10
1913	1.78798e-10
1914	1.78352e-10
1915	1.7784e-10
1916	1.7739e-10
1917	1.76886e-10
1918	1.7645e-10
1919	1.7594e-10
1920	1.75497e-10
1921	1.74997e-10
1922	1.74556e-10
1923	1.7406e-10
1924	1.73622e-10
1925	1.73128e-10
1926	1.72691e-10
1927	1.72201e-10
1928	1.71767e-10
1929	1.7128e-10
1930	1.70847e-10
1931	1.70363e-10
1932	1.69933e-10
1933	1.69451e-10
1934	1.69024e-10
1935	1.68544e-10
1936	1.6812e-10
1937	1.67642e-10
1938	1.67221e-10
1939	1.66745e-10
1940	1.66327e-10
1941	1.65852e-10
1942	1.65438e-10
1943	1.64964e-10
1944	1.64553e-10
1945	1.64079e-10
1946	1.63674e-10
1947	1.632e-10
1948	1.62799e-10
1949	1.62326e-10
1950	1.61928e-10
1951	1.61457e-10
1952	1.61061e-10
1953	1.60592e-10
1954	1.60199e-10
1955	1.59732e-10
1956	1.59341e-10
1957	1.58876e-10
1958	1.58489e-10
1959	1.58026e-10
1960	1.5764e-10
1961	1.5718e-10
1962	1.56797e-10
1963	1.56338e-10
1964	1.55957e-10
1965	1.555e-10
1966	1.55123e-10
1967	1.54666e-10
1968	1.54292e-10
1969	1.53837e-10
1970	1.53466e-10
1971	1.53012e-10
1972	1.52644e-10
1973	1.52192e-10
1974	1.51827e-10
1975	1.51376e-10
1976	1.51013e-10
1977	1.50564e-10
1978	1.50204e-10
1979	1.49757e-10
1980	1.49399e-10
1981	1.48954e-10
1982	1.48598e-10
1983	1.48156e-10
1984	1.47802e-10
1985	1.47362e-10
1986	1.4701e-10
1987	1.46573e-10
1988	1.46223e-10
1989	1.45787e-10
1990	1.4544e-10
1991	1.45007e-10
1992	1.44661e-10
1993	1.4423e-10
1994	1.43886e-10
1995	1.43456e-10
1996	1.43115e-10
1997	1.42688e-10
1998	1.42349e-10
1999	1.41923e-10
2000	1.41586e-10
2001	1.41163e-10
2002	1.40828e-10
2003	1.40407e-10
2004	1.40074e-10
2005	1.39654e-10
2006	1.39324e-10
2007	1.38906e-10
2008	1.38578e-10
2009	1.38163e-10
2010	1.37835e-10
2011	1.37423e-10
2012	1.37097e-10
2013	1.36688e-10
2014	1.36362e-10
2015	1.35956e-10
2016	1.35632e-10
2017	1.35228e-10
2018	1.34905e-10
2019	1.34504e-10
2020	1.34178e-10
2021	1.33785e-10
2022	1.33462e-10
2023	1.33067e-10
2024	1.32742e-10
2025	1.32356e-10
2026	1.32035e-10
2027	1.31646e-10
2028	1.31327e-10
2029	1.30941e-10
2030	1.30623e-10
2031	1.30241e-10
2032	1.29923e-10
2033	1.29544e-10
2034	1.29227e-10
2035	1.28851e-10
2036	1.28535e-10
2037	1.28161e-10
2038	1.27846e-10
2039	1.27475e-10
2040	1.27161e-10
2041	1.26793e-10
2042	1.26479e-10
2043	1.26114e-10
2044	1.25801e-10
2045	1.25436e-10
2046	1.25127e-10
2047	1.2477e-10
2048	1.24457e-10
2049	1.24099e-10
2050	1.2379e-10
2051	1.23434e-10
2052	1.23127e-10
2053	1.22774e-10
2054	1.22467e-10
2055	1.22116e-10
2056	1.21811e-10
2057	1.21462e-10
2058	1.21159e-10
2059	1.20811e-10
2060	1.2051e-10
2061	1.20164e-10
2062	1.19865e-10
2063	1.1952e-10
2064	1.19223e-10
2065	1.18879e-10
2066	1.18585e-10
2067	1.18242e-10
2068	1.17949e-10
2069	1.17608e-10
2070	1.17318e-10
2071	1.16978e-10
2072	1.1669e-10
2073	1.16351e-10
2074	1.16066e-10
2075	1.15728e-10
2076	1.15445e-10
2077	1.15108e-10
2078	1.14827e-10
2079	1.14491e-10
2080	1.14213e-10
2081	1.13878e-10
2082	1.13602e-10
2083	1.13267e-10
2084	1.12994e-10
2085	1.1266e-10
2086	1.1239e-10
2087	1.12056e-10
2088	1.11789e-10
2089	1.11456e-10
2090	1.11191e-10
2091	1.1086e-10
2092	1.10595e-10
2093	1.10268e-10
2094	1.10003e-10
2095	1.09679e-10
2096	1.09413e-10
2097	1.09093e-10
2098	1.08827e-10
2099	1.0851e-10
2100	1.08244e-10
2101	1.0793e-10
2102	1.07665e-10
2103	1.07352e-10
2104	1.07088e-10
2105	1.06778e-10
2106	1.06515e-10
2107	1.06207e-10
2108	1.05945e-10
2109	1.05638e-10
2110	1.05379e-10
2111	1.05072e-10
2112	1.04815e-10
2113	1.04509e-10
2114	1.04254e-10
2115	1.03949e-10
2116	1.03696e-10
2117	1.03392e-10
2118	1.03141e-10
2119	1.02838e-10
2120	1.02589e-10
2121	1.02287e-10
2122	1.0204e-10
2123	1.01739e-10
2124	1.01494e-10
2125	1.01194e-10
2126	1.00952e-10
2127	1.00652e-10
2128	1.00412e-10
2129	1.00113e-10
2130	9.98752e-11
2131	9.95767e-11
2132	9.93406e-11
2133	9.90435e-11
2134	9.88089e-11
2135	9.85131e-11
2136	9.828e-11
2137	9.7986e-11
2138	9.77539e-11
2139	9.74623e-11
2140	9.7231e-11
2141	9.69413e-11
2142	9.67112e-11
2143	9.64237e-11
2144	9.6194e-11
2145	9.59094e-11
2146	9.568e-11
2147	9.53977e-11
2148	9.51681e-11
2149	9.48887e-11
2150	9.46595e-11
2151	9.4382e-11
2152	9.41539e-11
2153	9.38782e-11
2154	9.36464e-11
2155	9.33754e-11
2156	9.31566e-11
2157	9.28823e-11
2158	9.26554e-11
2159	9.23835e-11
2160	9.21595e-11
2161	9.18909e-11
2162	9.16673e-11
2163	9.14004e-11
2164	9.11776e-11
2165	9.09125e-11
2166	9.06911e-11
2167	9.04268e-11
2168	9.02071e-11
2169	8.99437e-11
2170	8.97256e-11
2171	8.9463e-11
2172	8.92465e-11
2173	8.89846e-11
2174	8.87701e-11
2175	8.85087e-11
2176	8.82961e-11
2177	8.80357e-11
2178	8.78245e-11
2179	8.75648e-11
2180	8.73554e-11
2181	8.70969e-11
2182	8.68889e-11
2183	8.66317e-11
2184	8.64249e-11
2185	8.61689e-11
2186	8.59635e-11
2187	8.57089e-11
2188	8.55043e-11
2189	8.52515e-11
2190	8.50476e-11
2191	8.47966e-11
2192	8.4594e-11
2193	8.43441e-11
2194	8.41423e-11
2195	8.38942e-11
2196	8.36932e-11
2197	8.34465e-11
2198	8.3246e-11
2199	8.30016e-11
2200	8.28014e-11
2201	8.25593e-11
2202	8.23594e-11
2203	8.2119e-11
2204	8.19199e-11
2205	8.16813e-11
2206	8.14828e-11
2207	8.12461e-11
2208	8.1048e-11
2209	8.08125e-11
2210	8.06156e-11
2211	8.03817e-11
2212	8.01853e-11
2213	7.99528e-11
2214	7.97577e-11
2215	7.9526e-11
2216	7.93324e-11
2217	7.91016e-11
2218	7.89093e-11
2219	7.86791e-11
2220	7.84884e-11
2221	7.82591e-11
2222	7.80702e-11
2223	7.78411e-11
2224	7.76541e-11
2225	7.74253e-11
2226	7.72401e-11
2227	7.7012e-11
2228	7.68283e-11
2229	7.6601e-11
2230	7.64187e-11
2231	7.61922e-11
2232	7.60114e-11
2233	7.57853e-11
2234	7.56059e-11
2235	7.53808e-11
2236	7.52029e-11
2237	7.49783e-11
2238	7.48019e-11
2239	7.45784e-11
2240	7.44025e-11
2241	7.41805e-11
2242	7.40056e-11
2243	7.37847e-11
2244	7.36103e-11
2245	7.33909e-11
2246	7.32174e-11
2247	7.29992e-11
2248	7.28261e-11
2249	7.26095e-11
2250	7.24372e-11
2251	7.22222e-11
2252	7.20503e-11
2253	7.18369e-11
2254	7.16652e-11
2255	7.14535e-11
2256	7.12826e-11
2257	7.10723e-11
2258	7.0902e-11
2259	7.06929e-11
2260	7.05233e-11
2261	7.03162e-11
2262	7.01467e-11
2263	6.99408e-11
2264	6.97725e-11
2265	6.95678e-11
2266	6.94e-11
2267	6.91966e-11
2268	6.90294e-11
2269	6.88275e-11
2270	6.8661e-11
2271	6.84603e-11
2272	6.82942e-11
2273	6.80947e-11
2274	6.79294e-11
2275	6.77312e-11
2276	6.75666e-11
2277	6.73697e-11
2278	6.72056e-11
2279	6.70101e-11
2280	6.68463e-11
2281	6.66522e-11
2282	6.64895e-11
2283	6.62966e-11
2284	6.61347e-11
2285	6.59425e-11
2286	6.57819e-11
2287	6.55904e-11
2288	6.54311e-11
2289	6.52403e-11
2290	6.5082e-11
2291	6.48919e-11
2292	6.47349e-11
2293	6.45455e-11
2294	6.43896e-11
2295	6.42009e-11
2296	6.40461e-11
2297	6.38582e-11
2298	6.37042e-11
2299	6.35173e-11
2300	6.33644e-11
2301	6.31782e-11
2302	6.30261e-11
2303	6.28411e-11
2304	6.26901e-11
2305	6.25059e-11
2306	6.23557e-11
2307	6.21726e-11
2308	6.20233e-11
2309	6.18409e-11
2310	6.16929e-11
2311	6.1511e-11
2312	6.13639e-11
2313	6.1183e-11
2314	6.10368e-11
2315	6.08572e-11
2316	6.07114e-11
2317	6.05328e-11
2318	6.03878e-11
2319	6.02104e-11
2320	6.00657e-11
2321	5.98894e-11
2322	5.97452e-11
2323	5.95701e-11
2324	5.94267e-11
2325	5.92526e-11
2326	5.91098e-11
2327	5.89369e-11
2328	5.87947e-11
2329	5.86225e-11
2330	5.84813e-11
2331	5.831e-11
2332	5.81694e-11
2333	5.79993e-11
2334	5.78597e-11
2335	5.76901e-11
2336	5.75515e-11
2337	5.73825e-11
2338	5.72449e-11
2339	5.70764e-11
2340	5.69398e-11
2341	5.67722e-11
2342	5.66365e-11
2343	5.64692e-11
2344	5.6335e-11
2345	5.61683e-11
2346	5.60347e-11
2347	5.58685e-11
2348	5.57313e-11
2349	5.55668e-11
2350	5.54429e-11
2351	5.52776e-11
2352	5.51458e-11
2353	5.49795e-11
2354	5.4851e-11
2355	5.46857e-11
2356	5.4559e-11
2357	5.43943e-11
2358	5.42687e-11
2359	5.41041e-11
2360	5.39801e-11
2361	5.38159e-11
2362	5.36927e-11
2363	5.35293e-11
2364	5.3407e-11
2365	5.32446e-11
2366	5.31225e-11
2367	5.29614e-11
2368	5.28397e-11
2369	5.26788e-11
2370	5.2558e-11
2371	5.24009e-11
2372	5.22786e-11
2373	5.21206e-11
2374	5.20002e-11
2375	5.18432e-11
2376	5.17232e-11
2377	5.15674e-11
2378	5.14482e-11
2379	5.12929e-11
2380	5.11741e-11
2381	5.10202e-11
2382	5.09017e-11
2383	5.07491e-11
2384	5.06307e-11
2385	5.04795e-11
2386	5.03614e-11
2387	5.0211e-11
2388	5.00932e-11
2389	4.99443e-11
2390	4.98244e-11
2391	4.96786e-11
2392	4.95632e-11
2393	4.94149e-11
2394	4.92978e-11
2395	4.91523e-11
2396	4.90351e-11
2397	4.88917e-11
2398	4.87744e-11
2399	4.86319e-11
2400	4.85148e-11
2401	4.8374e-11
2402	4.82568e-11
2403	4.81173e-11
2404	4.80004e-11
2405	4.78575e-11
2406	4.77429e-11
2407	4.76094e-11
2408	4.74948e-11
2409	4.73557e-11
2410	4.72398e-11
2411	4.71036e-11
2412	4.6989e-11
2413	4.6853e-11
2414	4.67394e-11
2415	4.66041e-11
2416	4.64912e-11
2417	4.63568e-11
2418	4.62442e-11
2419	4.61108e-11
2420	4.59986e-11
2421	4.58658e-11
2422	4.57542e-11
2423	4.56225e-11
2424	4.55111e-11
2425	4.53802e-11
2426	4.52693e-11
2427	4.51393e-11
2428	4.50288e-11
2429	4.48996e-11
2430	4.479e-11
2431	4.46636e-11
2432	4.45538e-11
2433	4.44264e-11
2434	4.43185e-11
2435	4.41898e-11
2436	4.40788e-11
2437	4.39557e-11
2438	4.38473e-11
2439	4.37216e-11
2440	4.36148e-11
2441	4.34881e-11
2442	4.33824e-11
2443	4.32574e-11
2444	4.31523e-11
2445	4.30269e-11
2446	4.29233e-11
2447	4.27984e-11
2448	4.26953e-11
2449	4.25712e-11
2450	4.24688e-11
2451	4.23449e-11
2452	4.22429e-11
2453	4.21201e-11
2454	4.20187e-11
2455	4.18962e-11
2456	4.17955e-11
2457	4.16737e-11
2458	4.15736e-11
2459	4.14523e-11
2460	4.13528e-11
2461	4.12321e-11
2462	4.11333e-11
2463	4.1013e-11
2464	4.09109e-11
2465	4.07912e-11
2466	4.07009e-11
2467	4.05816e-11
2468	4.04831e-11
2469	4.03637e-11
2470	4.02672e-11
2471	4.01498e-11
2472	4.00536e-11
2473	3.99371e-11
2474	3.98413e-11
2475	3.97255e-11
2476	3.963e-11
2477	3.9515e-11
2478	3.94199e-11
2479	3.93056e-11
2480	3.9211e-11
2481	3.90971e-11
2482	3.90032e-11
2483	3.88896e-11
2484	3.87964e-11
2485	3.86834e-11
2486	3.85911e-11
2487	3.8478e-11
2488	3.83869e-11
2489	3.82741e-11
2490	3.81836e-11
2491	3.8071e-11
2492	3.79815e-11
2493	3.7869e-11
2494	3.77806e-11
2495	3.76679e-11
2496	3.75807e-11
2497	3.74683e-11
2498	3.73817e-11
2499	3.72694e-11
2500	3.71837e-11
2501	3.70716e-11
2502	3.69868e-11
2503	3.68749e-11
2504	3.67907e-11
2505	3.66792e-11
2506	3.6596e-11
2507	3.64847e-11
2508	3.64021e-11
2509	3.62908e-11
2510	3.62091e-11
2511	3.60982e-11
2512	3.60169e-11
2513	3.59065e-11
2514	3.58261e-11
2515	3.57161e-11
2516	3.56362e-11
2517	3.55262e-11
2518	3.54474e-11
2519	3.53377e-11
2520	3.52592e-11
2521	3.51502e-11
2522	3.50722e-11
2523	3.49597e-11
2524	3.48846e-11
2525	3.4777e-11
2526	3.46998e-11
2527	3.45922e-11
2528	3.45154e-11
2529	3.44085e-11
2530	3.43328e-11
2531	3.42264e-11
2532	3.41512e-11
2533	3.40455e-11
2534	3.39702e-11
2535	3.38652e-11
2536	3.37905e-11
2537	3.36861e-11
2538	3.36118e-11
2539	3.35077e-11
2540	3.34338e-11
2541	3.33306e-11
2542	3.32566e-11
2543	3.31542e-11
2544	3.30807e-11
2545	3.29788e-11
2546	3.29057e-11
2547	3.28043e-11
2548	3.27316e-11
2549	3.26307e-11
2550	3.25584e-11
2551	3.24583e-11
2552	3.23859e-11
2553	3.22864e-11
2554	3.22143e-11
2555	3.21159e-11
2556	3.20438e-11
2557	3.19459e-11
2558	3.18741e-11
2559	3.17769e-11
2560	3.17053e-11
2561	3.16089e-11
2562	3.15372e-11
2563	3.14418e-11
2564	3.13702e-11
2565	3.12756e-11
2566	3.12041e-11
2567	3.11102e-11
2568	3.10389e-11
2569	3.09456e-11
2570	3.08691e-11
2571	3.07779e-11
2572	3.07148e-11
2573	3.06214e-11
2574	3.05505e-11
2575	3.04574e-11
2576	3.03871e-11
2577	3.02966e-11
2578	3.02255e-11
2579	3.01363e-11
2580	3.00657e-11
2581	2.99769e-11
2582	2.99063e-11
2583	2.98184e-11
2584	2.97483e-11
2585	2.96609e-11
2586	2.95909e-11
2587	2.95041e-11
2588	2.94345e-11
2589	2.93485e-11
2590	2.92787e-11
2591	2.91934e-11
2592	2.91241e-11
2593	2.90393e-11
2594	2.89699e-11
2595	2.88861e-11
2596	2.88168e-11
2597	2.87334e-11
2598	2.86644e-11
2599	2.85816e-11
2600	2.85128e-11
2601	2.84308e-11
2602	2.83622e-11
2603	2.82806e-11
2604	2.82123e-11
2605	2.81311e-11
2606	2.80634e-11
2607	2.79823e-11
2608	2.79151e-11
2609	2.78346e-11
2610	2.77673e-11
2611	2.76874e-11
2612	2.76209e-11
2613	2.75413e-11
2614	2.74749e-11
2615	2.73958e-11
2616	2.73301e-11
2617	2.7251e-11
2618	2.71857e-11
2619	2.71071e-11
2620	2.70423e-11
2621	2.69638e-11
2622	2.68998e-11
2623	2.68215e-11
2624	2.6758e-11
2625	2.668e-11
2626	2.66169e-11
2627	2.65393e-11
2628	2.64765e-11
2629	2.63991e-11
2630	2.63367e-11
2631	2.62599e-11
2632	2.61979e-11
2633	2.61212e-11
2634	2.60599e-11
2635	2.59837e-11
2636	2.59224e-11
2637	2.58469e-11
2638	2.57857e-11
2639	2.57108e-11
2640	2.56496e-11
2641	2.55753e-11
2642	2.55142e-11
2643	2.54403e-11
2644	2.53796e-11
2645	2.53063e-11
2646	2.52456e-11
2647	2.5173e-11
2648	2.51118e-11
2649	2.50409e-11
2650	2.49794e-11
2651	2.49082e-11
2652	2.48476e-11
2653	2.47748e-11
2654	2.47156e-11
2655	2.46478e-11
2656	2.45862e-11
2657	2.4517e-11
2658	2.44562e-11
2659	2.43869e-11
2660	2.43278e-11
2661	2.4258e-11
2662	2.41994e-11
2663	2.413e-11
2664	2.40719e-11
2665	2.40025e-11
2666	2.39449e-11
2667	2.38758e-11
2668	2.38184e-11
2669	2.37496e-11
2670	2.36929e-11
2671	2.36243e-11
2672	2.35678e-11
2673	2.34996e-11
2674	2.34436e-11
2675	2.33757e-11
2676	2.332e-11
2677	2.32523e-11
2678	2.3197e-11
2679	2.31298e-11
2680	2.30746e-11
2681	2.30082e-11
2682	2.29529e-11
2683	2.2887e-11
2684	2.28318e-11
2685	2.27665e-11
2686	2.27115e-11
2687	2.26468e-11
2688	2.25915e-11
2689	2.25278e-11
2690	2.24717e-11
2691	2.24087e-11
2692	2.23547e-11
2693	2.22912e-11
2694	2.22365e-11
2695	2.21739e-11
2696	2.21179e-11
2697	2.20569e-11
2698	2.20035e-11
2699	2.19417e-11
2700	2.18875e-11
2701	2.18258e-11
2702	2.17719e-11
2703	2.17107e-11
2704	2.16572e-11
2705	2.15967e-11
2706	2.15431e-11
2707	2.14828e-11
2708	2.14301e-11
2709	2.137e-11
2710	2.13171e-11
2711	2.12577e-11
2712	2.12051e-11
2713	2.11456e-11
2714	2.10932e-11
2715	2.10341e-11
2716	2.09821e-11
2717	2.09241e-11
2718	2.08723e-11
2719	2.08135e-11
2720	2.07622e-11
2721	2.07038e-11
2722	2.06529e-11
2723	2.05949e-11
2724	2.05442e-11
2725	2.04865e-11
2726	2.04361e-11
2727	2.03787e-11
2728	2.03285e-11
2729	2.02714e-11
2730	2.02217e-11
2731	2.01645e-11
2732	2.01152e-11
2733	2.00585e-11
2734	2.00096e-11
2735	1.99529e-11
2736	1.99042e-11
2737	1.98481e-11
2738	1.97997e-11
2739	1.97436e-11
2740	1.96957e-11
2741	1.96376e-11
2742	1.95912e-11
2743	1.95381e-11
2744	1.94909e-11
2745	1.94351e-11
2746	1.93869e-11
2747	1.93324e-11
2748	1.92852e-11
2749	1.92311e-11
2750	1.91836e-11
2751	1.913e-11
2752	1.90828e-11
2753	1.90298e-11
2754	1.89827e-11
2755	1.89298e-11
2756	1.8883e-11
2757	1.88304e-11
2758	1.87841e-11
2759	1.87315e-11
2760	1.86854e-11
2761	1.86332e-11
2762	1.85856e-11
2763	1.85416e-11
2764	1.84862e-11
2765	1.84436e-11
2766	1.83924e-11
2767	1.8332e-11
2768	1.82965e-11
2769	1.82524e-11
2770	1.81962e-11
2771	1.81484e-11
2772	1.81091e-11
2773	1.80521e-11
2774	1.80095e-11
2775	1.79584e-11
2776	1.79158e-11
2777	1.78641e-11
2778	1.78217e-11
2779	1.77708e-11
2780	1.77286e-11
2781	1.76769e-11
2782	1.76356e-11
2783	1.7584e-11
2784	1.75432e-11
2785	1.74916e-11
2786	1.74511e-11
2787	1.73997e-11
2788	1.73597e-11
2789	1.73083e-11
2790	1.72687e-11
2791	1.72175e-11
2792	1.71779e-11
2793	1.71271e-11
2794	1.70878e-11
2795	1.7037e-11
2796	1.6998e-11
2797	1.69475e-11
2798	1.69087e-11
2799	1.68585e-11
2800	1.68199e-11
2801	1.67698e-11
2802	1.67317e-11
2803	1.66815e-11
2804	1.66437e-11
2805	1.65941e-11
2806	1.65563e-11
2807	1.65069e-11
2808	1.64688e-11
2809	1.64199e-11
2810	1.63832e-11
2811	1.63341e-11
2812	1.6297e-11
2813	1.62482e-11
2814	1.62114e-11
2815	1.61626e-11
2816	1.61265e-11
2817	1.60778e-11
2818	1.60419e-11
2819	1.59933e-11
2820	1.59577e-11
2821	1.59093e-11
2822	1.58742e-11
2823	1.58255e-11
2824	1.57911e-11
2825	1.57426e-11
2826	1.57082e-11
2827	1.566e-11
2828	1.56259e-11
2829	1.55777e-11
2830	1.55442e-11
2831	1.54959e-11
2832	1.54625e-11
2833	1.54147e-11
2834	1.53814e-11
2835	1.53336e-11
2836	1.53007e-11
2837	1.52533e-11
2838	1.52206e-11
2839	1.51732e-11
2840	1.51409e-11
2841	1.50936e-11
2842	1.50614e-11
2843	1.50144e-11
2844	1.49826e-11
2845	1.49356e-11
2846	1.49024e-11
2847	1.48564e-11
2848	1.48272e-11
2849	1.47798e-11
2850	1.47486e-11
2851	1.47016e-11
2852	1.46705e-11
2853	1.46249e-11
2854	1.45934e-11
2855	1.4548e-11
2856	1.45171e-11
2857	1.44716e-11
2858	1.44407e-11
2859	1.43957e-11
2860	1.43647e-11
2861	1.43199e-11
2862	1.42892e-11
2863	1.42446e-11
2864	1.42141e-11
2865	1.41696e-11
2866	1.41392e-11
2867	1.40952e-11
2868	1.40646e-11
2869	1.4021e-11
2870	1.3991e-11
2871	1.3947e-11
2872	1.39173e-11
2873	1.38736e-11
2874	1.3844e-11
2875	1.38003e-11
2876	1.37711e-11
2877	1.37277e-11
2878	1.36983e-11
2879	1.36551e-11
2880	1.36263e-11
2881	1.35828e-11
2882	1.3554e-11
2883	1.35112e-11
2884	1.34826e-11
2885	1.34395e-11
2886	1.34114e-11
2887	1.33684e-11
2888	1.33404e-11
2889	1.32976e-11
2890	1.32684e-11
2891	1.32264e-11
2892	1.32002e-11
2893	1.31572e-11
2894	1.31295e-11
2895	1.30869e-11
2896	1.30592e-11
2897	1.30176e-11
2898	1.29896e-11
2899	1.2948e-11
2900	1.29203e-11
2901	1.28788e-11
2902	1.28511e-11
2903	1.28096e-11
2904	1.27822e-11
2905	1.27407e-11
2906	1.27134e-11
2907	1.2672e-11
2908	1.26447e-11
2909	1.26033e-11
2910	1.25762e-11
2911	1.2535e-11
2912	1.25077e-11
2913	1.24667e-11
2914	1.24392e-11
2915	1.23984e-11
2916	1.23707e-11
2917	1.23302e-11
2918	1.23021e-11
2919	1.22613e-11
2920	1.22333e-11
2921	1.21923e-11
2922	1.21632e-11
2923	1.21225e-11
2924	1.20954e-11
2925	1.20529e-11
2926	1.20751e-11
2927	1.20431e-11
2928	1.20165e-11
2929	1.20087e-11
2930	1.19554e-11
2931	1.19224e-11
2932	1.18832e-11
2933	1.1858e-11
2934	1.18047e-11
2935	1.17504e-11
2936	1.17676e-11
2937	1.17143e-11
2938	1.16764e-11
2939	1.16353e-11
2940	1.1643e-11
2941	1.16406e-11
2942	1.16239e-11
2943	1.15623e-11
2944	1.14981e-11
2945	1.14615e-11
2946	1.15158e-11
2947	1.14707e-11
2948	1.14636e-11
2949	1.14024e-11
2950	1.13296e-11
2951	1.13607e-11
2952	1.13463e-11
2953	1.13302e-11
2954	1.13301e-11
2955	1.13151e-11
2956	1.12553e-11
2957	1.12387e-11
2958	1.1197e-11
2959	1.11586e-11
2960	1.11372e-11
2961	1.11357e-11
2962	1.10881e-11
2963	1.10452e-11
2964	1.10083e-11
2965	1.09851e-11
2966	1.09501e-11
2967	1.09265e-11
2968	1.08903e-11
2969	1.08946e-11
2970	1.084e-11
2971	1.08375e-11
2972	1.08156e-11
2973	1.07594e-11
2974	1.07382e-11
2975	1.07385e-11
2976	1.06711e-11
2977	1.06622e-11
2978	1.06521e-11
2979	1.05876e-11
2980	1.05779e-11
2981	1.05621e-11
2982	1.05054e-11
2983	1.04935e-11
2984	1.04544e-11
2985	1.0422e-11
2986	1.03943e-11
2987	1.04051e-11
2988	1.03434e-11
2989	1.03298e-11
2990	1.03185e-11
2991	1.02618e-11
2992	1.0254e-11
2993	1.02343e-11
2994	1.01781e-11
2995	1.01677e-11
2996	1.01318e-11
2997	1.00985e-11
2998	1.0075e-11
2999	1.00837e-11
3000	1.00254e-11
3001	1.00115e-11
3002	9.9936e-12
3003	9.94376e-12
3004	9.93503e-12
3005	9.91697e-12
3006	9.86475e-12
3007	9.85489e-12
3008	9.81973e-12
3009	9.78874e-12
3010	9.76443e-12
3011	9.77123e-12
3012	9.71843e-12
3013	9.68951e-12
3014	9.66612e-12
3015	9.63702e-12
3016	9.61739e-12
3017	9.59677e-12
3018	9.58572e-12
3019	9.53846e-12
3020	9.53155e-12
3021	9.51726e-12
3022	9.46453e-12
3023	9.45362e-12
3024	9.41884e-12
3025	9.38925e-12
3026	9.3675e-12
3027	9.37612e-12
3028	9.32305e-12
3029	9.30899e-12
3030	9.29173e-12
3031	9.24597e-12
3032	9.23896e-12
3033	9.22386e-12
3034	9.17429e-12
3035	9.16487e-12
3036	9.14755e-12
3037	9.10258e-12
3038	9.09434e-12
3039	9.07944e-12
3040	9.05584e-12
3041	9.0155e-12
3042	8.98642e-12
3043	8.96485e-12
3044	8.93876e-12
3045	8.94778e-12
3046	8.91721e-12
3047	8.87564e-12
3048	8.8497e-12
3049	8.82808e-12
3050	8.80277e-12
3051	8.78013e-12
3052	8.75546e-12
3053	8.7336e-12
3054	8.70993e-12
3055	8.68739e-12
3056	8.67037e-12
3057	8.63902e-12
3058	8.62297e-12
3059	8.59209e-12
3060	8.57937e-12
3061	8.55238e-12
3062	8.534e-12
3063	8.50825e-12
3064	8.4886e-12
3065	8.46549e-12
3066	8.4453e-12
3067	8.46363e-12
3068	8.40501e-12
3069	8.43291e-12
3070	8.41034e-12
3071	8.38714e-12
3072	8.37948e-12
3073	8.35499e-12
3074	8.31756e-12
3075	8.28766e-12
3076	8.27109e-12
3077	8.2458e-12
3078	8.22534e-12
3079	8.19817e-12
3080	8.2118e-12
3081	8.1731e-12
3082	8.16054e-12
3083	8.13437e-12
3084	8.12397e-12
3085	8.07344e-12
3086	8.06349e-12
3087	8.03264e-12
3088	8.02411e-12
3089	8.02195e-12
3090	7.97538e-12
3091	7.96612e-12
3092	7.93012e-12
3093	7.91128e-12
3094	7.8865e-12
3095	7.86776e-12
3096	7.84401e-12
3097	7.826e-12
3098	7.80278e-12
3099	7.81346e-12
3100	7.76665e-12
3101	7.75716e-12
3102	7.74663e-12
3103	7.70664e-12
3104	7.6965e-12
3105	7.68769e-12
3106	7.64281e-12
3107	7.63708e-12
3108	7.62506e-12
3109	7.58658e-12
3110	7.57618e-12
3111	7.56351e-12
3112	7.52413e-12
3113	7.51865e-12
3114	7.50723e-12
3115	7.46826e-12
3116	7.45896e-12
3117	7.44705e-12
3118	7.40898e-12
3119	7.40059e-12
3120	7.39097e-12
3121	7.35105e-12
3122	7.34411e-12
3123	7.33232e-12
3124	7.29643e-12
3125	7.28669e-12
3126	7.27728e-12
3127	7.23735e-12
3128	7.2305e-12
3129	7.21828e-12
3130	7.18406e-12
3131	7.17482e-12
3132	7.16532e-12
3133	7.12612e-12
3134	7.11937e-12
3135	7.10785e-12
3136	7.07452e-12
3137	7.06432e-12
3138	7.05514e-12
3139	7.01638e-12
3140	7.01037e-12
3141	6.99838e-12
3142	6.96633e-12
3143	6.9562e-12
3144	6.94675e-12
3145	6.90887e-12
3146	6.90268e-12
3147	6.89064e-12
3148	6.85965e-12
3149	6.84963e-12
3150	6.84001e-12
3151	6.80312e-12
3152	6.79694e-12
3153	6.78547e-12
3154	6.75477e-12
3155	6.74488e-12
3156	6.73499e-12
3157	6.69916e-12
3158	6.69276e-12
3159	6.682e-12
3160	6.65119e-12
3161	6.64182e-12
3162	6.6313e-12
3163	6.59745e-12
3164	6.5904e-12
3165	6.58023e-12
3166	6.54959e-12
3167	6.5403e-12
3168	6.5295e-12
3169	6.4968e-12
3170	6.48939e-12
3171	6.48008e-12
3172	6.44939e-12
3173	6.44062e-12
3174	6.42953e-12
3175	6.3979e-12
3176	6.39026e-12
3177	6.38132e-12
3178	6.34993e-12
3179	6.34185e-12
3180	6.33141e-12
3181	6.30138e-12
3182	6.29335e-12
3183	6.28448e-12
3184	6.254e-12
3185	6.24575e-12
3186	6.23444e-12
3187	6.20484e-12
3188	6.18472e-12
3189	6.17464e-12
3190	6.15337e-12
3191	6.14619e-12
3192	6.13108e-12
3193	6.12567e-12
3194	6.09509e-12
3195	6.08707e-12
3196	6.07774e-12
3197	6.0459e-12
3198	6.03113e-12
3199	6.01911e-12
3200	5.99918e-12
3201	5.99097e-12
3202	5.96948e-12
3203	5.96252e-12
3204	5.93863e-12
3205	5.92677e-12
3206	5.90958e-12
3207	5.89857e-12
3208	5.88228e-12
3209	5.87507e-12
3210	5.85735e-12
3211	5.84331e-12
3212	5.82538e-12
3213	5.80896e-12
3214	5.79823e-12
3215	5.78194e-12
3216	5.77341e-12
3217	5.75114e-12
3218	5.75053e-12
3219	5.72054e-12
3220	5.70849e-12
3221	5.69439e-12
3222	5.67944e-12
3223	5.66903e-12
3224	5.65158e-12
3225	5.64123e-12
3226	5.62283e-12
3227	5.62032e-12
3228	5.59102e-12
3229	5.58477e-12
3230	5.57966e-12
3231	5.54887e-12
3232	5.5396e-12
3233	5.5229e-12
3234	5.5097e-12
3235	5.49965e-12
3236	5.48296e-12
3237	5.47465e-12
3238	5.45288e-12
3239	5.45084e-12
3240	5.42684e-12
3241	5.41188e-12
3242	5.39989e-12
3243	5.39796e-12
3244	5.36887e-12
3245	5.35517e-12
3246	5.33932e-12
3247	5.32932e-12
3248	5.31578e-12
3249	5.30388e-12
3250	5.29243e-12
3251	5.27634e-12
3252	5.27827e-12
3253	5.24601e-12
3254	5.24308e-12
3255	5.23854e-12
3256	5.20892e-12
3257	5.19951e-12
3258	5.20146e-12
3259	5.1687e-12
3260	5.15953e-12
3261	5.14607e-12
3262	5.13132e-12
3263	5.12297e-12
3264	5.10677e-12
3265	5.09865e-12
3266	5.08236e-12
3267	5.07417e-12
3268	5.05856e-12
3269	5.05016e-12
3270	5.03457e-12
3271	5.02714e-12
3272	5.00997e-12
3273	4.99783e-12
3274	4.98384e-12
3275	4.97046e-12
3276	4.95484e-12
3277	4.95824e-12
3278	4.927e-12
3279	4.915e-12
3280	4.90334e-12
3281	4.88541e-12
3282	4.87933e-12
3283	4.86359e-12
3284	4.86084e-12
3285	4.84317e-12
3286	4.84342e-12
3287	4.81859e-12
3288	4.80823e-12
3289	4.79792e-12
3290	4.78632e-12
3291	4.77686e-12
3292	4.76393e-12
3293	4.75296e-12
3294	4.73938e-12
3295	4.73103e-12
3296	4.7094e-12
3297	4.70966e-12
3298	4.6881e-12
3299	4.68017e-12
3300	4.66475e-12
3301	4.65205e-12
3302	4.64563e-12
3303	4.63165e-12
3304	4.62417e-12
3305	4.60972e-12
3306	4.59985e-12
3307	4.58805e-12
3308	4.57614e-12
3309	4.56577e-12
3310	4.55244e-12
3311	4.54328e-12
3312	4.52955e-12
3313	4.5203e-12
3314	4.50739e-12
3315	4.49707e-12
3316	4.48717e-12
3317	4.47388e-12
3318	4.46745e-12
3319	4.44865e-12
3320	4.44393e-12
3321	4.4261e-12
3322	4.41485e-12
3323	4.40437e-12
3324	4.3947e-12
3325	4.38227e-12
3326	4.37554e-12
3327	4.35962e-12
3328	4.35529e-12
3329	4.33771e-12
3330	4.3339e-12
3331	4.31614e-12
3332	4.31183e-12
3333	4.29603e-12
3334	4.28973e-12
3335	4.27524e-12
3336	4.26766e-12
3337	4.25712e-12
3338	4.24572e-12
3339	4.23951e-12
3340	4.2245e-12
3341	4.21165e-12
3342	4.20147e-12
3343	4.18727e-12
3344	4.18087e-12
3345	4.16857e-12
3346	4.1629e-12
3347	4.14886e-12
3348	4.14336e-12
3349	4.12866e-12
3350	4.12347e-12
3351	4.10817e-12
3352	4.10346e-12
3353	4.08749e-12
3354	4.08291e-12
3355	4.06737e-12
3356	4.06254e-12
3357	4.04742e-12
3358	4.0423e-12
3359	4.0272e-12
3360	4.02219e-12
3361	4.00789e-12
3362	4.00234e-12
3363	3.98898e-12
3364	3.98349e-12
3365	3.96931e-12
3366	3.96505e-12
3367	3.94902e-12
3368	3.93993e-12
3369	3.92922e-12
3370	3.91641e-12
3371	3.913e-12
3372	3.90031e-12
3373	3.89257e-12
3374	3.87878e-12
3375	3.86985e-12
3376	3.86143e-12
3377	3.85152e-12
3378	3.84458e-12
3379	3.83263e-12
3380	3.82769e-12
3381	3.81402e-12
3382	3.81054e-12
3383	3.79449e-12
3384	3.79181e-12
3385	3.77344e-12
3386	3.77325e-12
3387	3.75228e-12
3388	3.74768e-12
3389	3.73858e-12
3390	3.72691e-12
3391	3.71993e-12
3392	3.71056e-12
3393	3.70144e-12
3394	3.69389e-12
3395	3.68348e-12
3396	3.67763e-12
3397	3.66567e-12
3398	3.65995e-12
3399	3.64798e-12
3400	3.64172e-12
3401	3.63093e-12
3402	3.62334e-12
3403	3.6146e-12
3404	3.60498e-12
3405	3.59798e-12
3406	3.58702e-12
3407	3.58096e-12
3408	3.56911e-12
3409	3.56362e-12
3410	3.55082e-12
3411	3.54763e-12
3412	3.53286e-12
3413	3.52625e-12
3414	3.51567e-12
3415	3.51173e-12
3416	3.49779e-12
3417	3.49183e-12
3418	3.47992e-12
3419	3.46718e-12
3420	3.46393e-12
3421	3.45242e-12
3422	3.44857e-12
3423	3.43659e-12
3424	3.43323e-12
3425	3.42069e-12
3426	3.4174e-12
3427	3.40538e-12
3428	3.40127e-12
3429	3.38959e-12
3430	3.38427e-12
3431	3.37058e-12
3432	3.36924e-12
3433	3.35477e-12
3434	3.35242e-12
3435	3.33665e-12
3436	3.33307e-12
3437	3.32018e-12
3438	3.31833e-12
3439	3.30445e-12
3440	3.30394e-12
3441	3.28715e-12
3442	3.28628e-12
3443	3.27101e-12
3444	3.26618e-12
3445	3.25769e-12
3446	3.24596e-12
3447	3.24201e-12
3448	3.23329e-12
3449	3.22894e-12
3450	3.21924e-12
3451	3.21406e-12
3452	3.20449e-12
3453	3.19877e-12
3454	3.18939e-12
3455	3.18381e-12
3456	3.17402e-12
3457	3.16932e-12
3458	3.15867e-12
3459	3.15435e-12
3460	3.14337e-12
3461	3.13945e-12
3462	3.12723e-12
3463	3.12426e-12
3464	3.11241e-12
3465	3.10956e-12
3466	3.09654e-12
3467	3.0928e-12
3468	3.07962e-12
3469	3.07595e-12
3470	3.06585e-12
3471	3.06365e-12
3472	3.05007e-12
3473	3.04989e-12
3474	3.03643e-12
3475	3.03161e-12
3476	3.019e-12
3477	3.01512e-12
3478	3.00593e-12
3479	3.00236e-12
3480	2.99248e-12
3481	2.98804e-12
3482	2.97873e-12
3483	2.97389e-12
3484	2.96519e-12
3485	2.96061e-12
3486	2.95106e-12
3487	2.94717e-12
3488	2.9371e-12
3489	2.93354e-12
3490	2.92219e-12
3491	2.91873e-12
3492	2.90581e-12
3493	2.90474e-12
3494	2.89075e-12
3495	2.88877e-12
3496	2.87897e-12
3497	2.87427e-12
3498	2.86581e-12
3499	2.86053e-12
3500	2.84974e-12
3501	2.84852e-12
3502	2.83728e-12
3503	2.83514e-12
3504	2.82442e-12
3505	2.82938e-12
3506	2.81723e-12
3507	2.80706e-12
3508	2.79772e-12
3509	2.79067e-12
3510	2.78447e-12
3511	2.77675e-12
3512	2.77134e-12
3513	2.76357e-12
3514	2.75795e-12
3515	2.75057e-12
3516	2.74508e-12
3517	2.73768e-12
3518	2.73334e-12
3519	2.72483e-12
3520	2.7216e-12
3521	2.71211e-12
3522	2.70853e-12
3523	2.6992e-12
3524	2.6955e-12
3525	2.68607e-12
3526	2.67935e-12
3527	2.67336e-12
3528	2.66706e-12
3529	2.66087e-12
3530	2.65472e-12
3531	2.64887e-12
3532	2.64235e-12
3533	2.63702e-12
3534	2.62984e-12
3535	2.62455e-12
3536	2.61782e-12
3537	2.61247e-12
3538	2.60534e-12
3539	2.60019e-12
3540	2.59302e-12
3541	2.58747e-12
3542	2.58062e-12
3543	2.57446e-12
3544	2.56883e-12
3545	2.56212e-12
3546	2.55716e-12
3547	2.5499e-12
3548	2.54587e-12
3549	2.53749e-12
3550	2.53444e-12
3551	2.52533e-12
3552	2.52296e-12
3553	2.51352e-12
3554	2.51672e-12
3555	2.50818e-12
3556	2.50621e-12
3557	2.4937e-12
3558	2.48708e-12
3559	2.47792e-12
3560	2.47992e-12
3561	2.47169e-12
3562	2.46308e-12
3563	2.45363e-12
3564	2.44875e-12
3565	2.45241e-12
3566	2.44225e-12
3567	2.43922e-12
3568	2.4301e-12
3569	2.42108e-12
3570	2.41262e-12
3571	2.40735e-12
3572	2.40067e-12
3573	2.39576e-12
3574	2.40073e-12
3575	2.39123e-12
3576	2.38892e-12
3577	2.37525e-12
3578	2.37341e-12
3579	2.37328e-12
3580	2.35974e-12
3581	2.36201e-12
3582	2.3531e-12
3583	2.35097e-12
3584	2.3382e-12
3585	2.3331e-12
3586	2.32279e-12
3587	2.31975e-12
3588	2.32378e-12
3589	2.31258e-12
3590	2.31125e-12
3591	2.30065e-12
3592	2.3024e-12
3593	2.28879e-12
3594	2.28432e-12
3595	2.28508e-12
3596	2.27607e-12
3597	2.27509e-12
3598	2.26385e-12
3599	2.25758e-12
3600	2.24737e-12
3601	2.24593e-12
3602	2.2483e-12
3603	2.2363e-12
3604	2.23222e-12
3605	2.22836e-12
3606	2.2266e-12
3607	2.21409e-12
3608	2.21684e-12
3609	2.2073e-12
3610	2.20502e-12
3611	2.19402e-12
3612	2.1904e-12
3613	2.19121e-12
3614	2.17882e-12
3615	2.17937e-12
3616	2.17271e-12
3617	2.17052e-12
3618	2.15835e-12
3619	2.16072e-12
3620	2.1515e-12
3621	2.14995e-12
3622	2.13667e-12
3623	2.13559e-12
3624	2.13488e-12
3625	2.12281e-12
3626	2.12014e-12
3627	2.12121e-12
3628	2.10734e-12
3629	2.10671e-12
3630	2.09988e-12
3631	2.09946e-12
3632	2.09016e-12
3633	2.09037e-12
3634	2.07935e-12
3635	2.08037e-12
3636	2.0699e-12
3637	2.06606e-12
3638	2.06668e-12
3639	2.05486e-12
3640	2.05073e-12
3641	2.05228e-12
3642	2.04203e-12
3643	2.0431e-12
3644	2.03045e-12
3645	2.02876e-12
3646	2.02773e-12
3647	2.0169e-12
3648	2.01496e-12
3649	2.01005e-12
3650	2.01105e-12
3651	2.0003e-12
3652	1.99877e-12
3653	1.98974e-12
3654	1.98629e-12
3655	1.98745e-12
3656	1.97539e-12
3657	1.97427e-12
3658	1.9686e-12
3659	1.97337e-12
3660	1.95905e-12
3661	1.95789e-12
3662	1.95001e-12
3663	1.95245e-12
3664	1.94663e-12
3665	1.93788e-12
3666	1.93696e-12
3667	1.92916e-12
3668	1.92941e-12
3669	1.92145e-12
3670	1.91988e-12
3671	1.91331e-12
3672	1.90873e-12
3673	1.90421e-12
3674	1.89582e-12
3675	1.8944e-12
3676	1.89306e-12
3677	1.8903e-12
3678	1.88287e-12
3679	1.87643e-12
3680	1.87404e-12
3681	1.86819e-12
3682	1.86373e-12
3683	1.8613e-12
3684	1.85596e-12
3685	1.85186e-12
3686	1.84704e-12
3687	1.84388e-12
3688	1.84003e-12
3689	1.83529e-12
3690	1.8308e-12
3691	1.82683e-12
3692	1.82252e-12
3693	1.81855e-12
3694	1.81453e-12
3695	1.81038e-12
3696	1.80625e-12
3697	1.80203e-12
3698	1.79813e-12
3699	1.79374e-12
3700	1.78974e-12
3701	1.78592e-12
3702	1.78189e-12
3703	1.77765e-12
3704	1.77373e-12
3705	1.76963e-12
3706	1.76589e-12
3707	1.76169e-12
3708	1.75797e-12
3709	1.75375e-12
3710	1.75016e-12
3711	1.74575e-12
3712	1.74214e-12
3713	1.73788e-12
3714	1.7344e-12
3715	1.73017e-12
3716	1.73338e-12
3717	1.72175e-12
3718	1.71836e-12
3719	1.7133e-12
3720	1.70868e-12
3721	1.70591e-12
3722	1.70155e-12
3723	1.6986e-12
3724	1.69478e-12
3725	1.69089e-12
3726	1.68764e-12
3727	1.68319e-12
3728	1.68032e-12
3729	1.67589e-12
3730	1.67282e-12
3731	1.66838e-12
3732	1.66544e-12
3733	1.66097e-12
3734	1.65783e-12
3735	1.65366e-12
3736	1.65025e-12
3737	1.6464e-12
3738	1.64293e-12
3739	1.63923e-12
3740	1.63569e-12
3741	1.63151e-12
3742	1.62849e-12
3743	1.62451e-12
3744	1.62107e-12
3745	1.61703e-12
3746	1.61389e-12
3747	1.61004e-12
3748	1.6067e-12
3749	1.60275e-12
3750	1.59966e-12
3751	1.59566e-12
3752	1.59248e-12
3753	1.58855e-12
3754	1.5855e-12
3755	1.58125e-12
3756	1.57831e-12
3757	1.57833e-12
3758	1.57061e-12
3759	1.5679e-12
3760	1.56302e-12
3761	1.56656e-12
3762	1.55673e-12
3763	1.55393e-12
3764	1.55424e-12
3765	1.54569e-12
3766	1.54359e-12
3767	1.54336e-12
3768	1.5376e-12
3769	1.5328e-12
3770	1.52828e-12
3771	1.52647e-12
3772	1.52329e-12
3773	1.52011e-12
3774	1.51607e-12
3775	1.51246e-12
3776	1.51445e-12
3777	1.50373e-12
3778	1.5041e-12
3779	1.50295e-12
3780	1.494e-12
3781	1.49322e-12
3782	1.49269e-12
3783	1.48458e-12
3784	1.48251e-12
3785	1.48369e-12
3786	1.47479e-12
3787	1.47312e-12
3788	1.47315e-12
3789	1.46504e-12
3790	1.4628e-12
3791	1.46432e-12
3792	1.45552e-12
3793	1.45363e-12
3794	1.45372e-12
3795	1.44577e-12
3796	1.44372e-12
3797	1.44524e-12
3798	1.43682e-12
3799	1.43495e-12
3800	1.43475e-12
3801	1.42715e-12
3802	1.42477e-12
3803	1.42678e-12
3804	1.41821e-12
3805	1.416e-12
3806	1.41657e-12
3807	1.40886e-12
3808	1.40655e-12
3809	1.40806e-12
3810	1.4001e-12
3811	1.39775e-12
3812	1.39827e-12
3813	1.39084e-12
3814	1.38986e-12
3815	1.38679e-12
3816	1.38344e-12
3817	1.38068e-12
3818	1.37707e-12
3819	1.37475e-12
3820	1.37075e-12
3821	1.36894e-12
3822	1.36482e-12
3823	1.36272e-12
3824	1.35895e-12
3825	1.35671e-12
3826	1.35326e-12
3827	1.35073e-12
3828	1.34759e-12
3829	1.34506e-12
3830	1.34204e-12
3831	1.33917e-12
3832	1.33659e-12
3833	1.33371e-12
3834	1.33116e-12
3835	1.32827e-12
3836	1.32581e-12
3837	1.32273e-12
3838	1.31855e-12
3839	1.31474e-12
3840	1.31344e-12
3841	1.30954e-12
3842	1.30824e-12
3843	1.30409e-12
3844	1.30312e-12
3845	1.29822e-12
3846	1.29696e-12
3847	1.29231e-12
3848	1.29145e-12
3849	1.28686e-12
3850	1.28588e-12
3851	1.28185e-12
3852	1.28042e-12
3853	1.27676e-12
3854	1.27479e-12
3855	1.27173e-12
3856	1.26923e-12
3857	1.26513e-12
3858	1.26381e-12
3859	1.25978e-12
3860	1.25932e-12
3861	1.25417e-12
3862	1.25402e-12
3863	1.24884e-12
3864	1.24719e-12
3865	1.24459e-12
3866	1.24259e-12
3867	1.23984e-12
3868	1.23675e-12
3869	1.23448e-12
3870	1.23209e-12
3871	1.22729e-12
3872	1.22675e-12
3873	1.22294e-12
3874	1.22302e-12
3875	1.21753e-12
3876	1.21756e-12
3877	1.21229e-12
3878	1.21133e-12
3879	1.21193e-12
3880	1.20734e-12
3881	1.20451e-12
3882	1.20015e-12
3883	1.19955e-12
3884	1.1945e-12
3885	1.19362e-12
3886	1.18928e-12
3887	1.18809e-12
3888	1.18434e-12
3889	1.18277e-12
3890	1.17943e-12
3891	1.17756e-12
3892	1.17476e-12
3893	1.1729e-12
3894	1.17034e-12
3895	1.16811e-12
3896	1.16527e-12
3897	1.16321e-12
3898	1.1607e-12
3899	1.16367e-12
3900	1.15788e-12
3901	1.15882e-12
3902	1.15255e-12
3903	1.15304e-12
3904	1.14868e-12
3905	1.15015e-12
3906	1.14319e-12
3907	1.14362e-12
3908	1.13839e-12
3909	1.13985e-12
3910	1.13331e-12
3911	1.13386e-12
3912	1.12954e-12
3913	1.12612e-12
3914	1.12473e-12
3915	1.12148e-12
3916	1.12008e-12
3917	1.11609e-12
3918	1.11971e-12
3919	1.11264e-12
3920	1.11364e-12
3921	1.10816e-12
3922	1.1099e-12
3923	1.10404e-12
3924	1.10531e-12
3925	1.0983e-12
3926	1.10046e-12
3927	1.09502e-12
3928	1.09641e-12
3929	1.08931e-12
3930	1.09089e-12
3931	1.08511e-12
3932	1.08379e-12
3933	1.08243e-12
3934	1.07849e-12
3935	1.07571e-12
3936	1.07688e-12
3937	1.07221e-12
3938	1.07283e-12
3939	1.06922e-12
3940	1.06831e-12
3941	1.06392e-12
3942	1.06439e-12
3943	1.05939e-12
3944	1.05902e-12
3945	1.05406e-12
3946	1.05285e-12
3947	1.05069e-12
3948	1.05138e-12
3949	1.0461e-12
3950	1.04651e-12
3951	1.0417e-12
3952	1.04269e-12
3953	1.03766e-12
3954	1.03837e-12
3955	1.03336e-12
3956	1.03472e-12
3957	1.02935e-12
3958	1.03022e-12
3959	1.0257e-12
3960	1.02645e-12
3961	1.021e-12
3962	1.01846e-12
3963	1.02008e-12
3964	1.01456e-12
3965	1.01256e-12
3966	1.01347e-12
3967	1.00814e-12
3968	1.00594e-12
3969	1.00753e-12
3970	1.00137e-12
3971	1.00035e-12
3972	1.00048e-12
3973	9.95456e-13
3974	9.93774e-13
3975	9.9528e-13
3976	9.89121e-13
3977	9.87831e-13
3978	9.88346e-13
3979	9.83704e-13
3980	9.82547e-13
3981	9.79875e-13
3982	9.80332e-13
3983	9.75517e-13
3984	9.74376e-13
3985	9.71656e-13
3986	9.72777e-13
3987	9.67795e-13
3988	9.66691e-13
3989	9.647e-13
3990	9.6315e-13
3991	9.61185e-13
3992	9.59754e-13
3993	9.57414e-13
3994	9.54816e-13
3995	9.53292e-13
3996	9.52813e-13
3997	9.49282e-13
3998	9.46175e-13
3999	9.4491e-13
4000	9.43307e-13
4001	9.41623e-13
4002	9.39561e-13
4003	9.38372e-13
4004	9.35837e-13
4005	9.34757e-13
4006	9.31875e-13
4007	9.30692e-13
4008	9.28171e-13
4009	9.26741e-13
4010	9.24616e-13
4011	9.22746e-13
4012	9.20949e-13
4013	9.19346e-13
4014	9.17246e-13
4015	9.15418e-13
4016	9.1362e-13
4017	9.12655e-13
4018	9.10381e-13
4019	9.08416e-13
4020	9.0668e-13
4021	9.04933e-13
4022	9.03257e-13
4023	9.01315e-13
4024	8.99836e-13
4025	8.97694e-13
4026	8.96184e-13
4027	8.94288e-13
4028	8.92909e-13
4029	8.90908e-13
4030	8.89488e-13
4031	8.8737e-13
4032	8.85892e-13
4033	8.83918e-13
4034	8.82414e-13
4035	8.80606e-13
4036	8.79144e-13
4037	8.77084e-13
4038	8.75529e-13
4039	8.73674e-13
4040	8.72237e-13
4041	8.70373e-13
4042	8.68954e-13
4043	8.6698e-13
4044	8.66712e-13
4045	8.63598e-13
4046	8.62062e-13
4047	8.59912e-13
4048	8.58996e-13
4049	8.56985e-13
4050	8.55505e-13
4051	8.53414e-13
4052	8.57447e-13
4053	8.52133e-13
4054	8.49152e-13
4055	8.46778e-13
4056	8.44305e-13
4057	8.43262e-13
4058	8.45476e-13
4059	8.41122e-13
4060	8.39244e-13
4061	8.43393e-13
4062	8.36556e-13
4063	8.34643e-13
4064	8.31815e-13
4065	8.31179e-13
4066	8.34338e-13
4067	8.29836e-13
4068	8.26548e-13
4069	8.2874e-13
4070	8.25477e-13
4071	8.22497e-13
4072	8.20073e-13
4073	8.22348e-13
4074	8.17703e-13
4075	8.18875e-13
4076	8.15437e-13
4077	8.12909e-13
4078	8.10376e-13
4079	8.13099e-13
4080	8.09073e-13
4081	8.06955e-13
4082	8.08168e-13
4083	8.03526e-13
4084	8.04331e-13
4085	8.0077e-13
4086	7.98799e-13
4087	7.96275e-13
4088	7.95144e-13
4089	7.98112e-13
4090	7.93985e-13
4091	7.91232e-13
4092	7.93178e-13
4093	7.88808e-13
4094	7.88828e-13
4095	7.86328e-13
4096	7.83769e-13
4097	7.81354e-13
4098	7.80542e-13
4099	7.83093e-13
4100	7.78987e-13
4101	7.76649e-13
4102	7.78524e-13
4103	7.74051e-13
4104	7.72461e-13
4105	7.73633e-13
4106	7.69324e-13
4107	7.69904e-13
4108	7.66212e-13
4109	7.67888e-13
4110	7.64081e-13
4111	7.64845e-13
4112	7.60508e-13
4113	7.62157e-13
4114	7.58298e-13
4115	7.58539e-13
4116	7.55642e-13
4117	7.56641e-13
4118	7.51633e-13
4119	7.53387e-13
4120	7.4921e-13
4121	7.50175e-13
4122	7.46754e-13
4123	7.47699e-13
4124	7.43911e-13
4125	7.42528e-13
4126	7.43386e-13
4127	7.40383e-13
4128	7.38439e-13
4129	7.3914e-13
4130	7.35729e-13
4131	7.3421e-13
4132	7.35345e-13
4133	7.31612e-13
4134	7.30158e-13
4135	7.309e-13
4136	7.27527e-13
4137	7.25811e-13
4138	7.26968e-13
4139	7.23234e-13
4140	7.22078e-13
4141	7.22964e-13
4142	7.19398e-13
4143	7.17915e-13
4144	7.1879e-13
4145	7.1541e-13
4146	7.1422e-13
4147	7.15183e-13
4148	7.18676e-13
4149	7.1769e-13
4150	7.12014e-13
4151	7.10648e-13
4152	7.08855e-13
4153	7.06288e-13
4154	7.05087e-13
4155	7.03237e-13
4156	7.00586e-13
4157	7.02019e-13
4158	6.99077e-13
4159	6.97317e-13
4160	6.98453e-13
4161	6.94835e-13
4162	6.93934e-13
4163	6.94646e-13
4164	6.91293e-13
4165	6.91484e-13
4166	6.88977e-13
4167	6.89174e-13
4168	6.8627e-13
4169	6.86533e-13
4170	6.84112e-13
4171	6.84237e-13
4172	6.81194e-13
4173	6.81235e-13
4174	6.80515e-13
4175	6.7969e-13
4176	6.7799e-13
4177	6.76814e-13
4178	6.76031e-13
4179	6.74157e-13
4180	6.73169e-13
4181	6.71581e-13
4182	6.70748e-13
4183	6.69102e-13
4184	6.68017e-13
4185	6.66491e-13
4186	6.65312e-13
4187	6.64106e-13
4188	6.6305e-13
4189	6.61538e-13
4190	6.60568e-13
4191	6.59161e-13
4192	6.58158e-13
4193	6.60638e-13
4194	6.56452e-13
4195	6.55192e-13
4196	6.53447e-13
4197	6.53275e-13
4198	6.52132e-13
4199	6.51264e-13
4200	6.49904e-13
4201	6.48476e-13
4202	6.47483e-13
4203	6.45934e-13
4204	6.44973e-13
4205	6.43647e-13
4206	6.42444e-13
4207	6.41094e-13
4208	6.43343e-13
4209	6.39036e-13
4210	6.37853e-13
4211	6.36121e-13
4212	6.35922e-13
4213	6.34741e-13
4214	6.33553e-13
4215	6.32808e-13
4216	6.31075e-13
4217	6.30511e-13
4218	6.30953e-13
4219	6.28167e-13
4220	6.26659e-13
4221	6.2508e-13
4222	6.25068e-13
4223	6.23786e-13
4224	6.23045e-13
4225	6.21557e-13
4226	6.2347e-13
4227	6.19459e-13
4228	6.19958e-13
4229	6.16282e-13
4230	6.18462e-13
4231	6.14967e-13
4232	6.16088e-13
4233	6.12353e-13
4234	6.14688e-13
4235	6.10156e-13
4236	6.1212e-13
4237	6.08295e-13
4238	6.0683e-13
4239	6.05618e-13
4240	6.05104e-13
4241	6.07063e-13
4242	6.02566e-13
4243	6.04099e-13
4244	6.00664e-13
4245	6.02021e-13
4246	5.99774e-13
4247	5.97324e-13
4248	5.96525e-13
4249	5.95961e-13
4250	5.97448e-13
4251	5.9365e-13
4252	5.94532e-13
4253	5.91116e-13
4254	5.93258e-13
4255	5.90116e-13
4256	5.91331e-13
4257	5.87356e-13
4258	5.88873e-13
4259	5.85681e-13
4260	5.87621e-13
4261	5.83491e-13
4262	5.83396e-13
4263	5.81332e-13
4264	5.82904e-13
4265	5.79166e-13
4266	5.80783e-13
4267	5.77074e-13
4268	5.78745e-13
4269	5.75092e-13
4270	5.76839e-13
4271	5.73094e-13
4272	5.7377e-13
4273	5.71477e-13
4274	5.73259e-13
4275	5.69456e-13
4276	5.70696e-13
4277	5.68922e-13
4278	5.67259e-13
4279	5.65259e-13
4280	5.66844e-13
4281	5.65152e-13
4282	5.62431e-13
4283	5.63528e-13
4284	5.61868e-13
4285	5.59714e-13
4286	5.60654e-13
4287	5.57524e-13
4288	5.59403e-13
4289	5.55428e-13
4290	5.56646e-13
4291	5.54725e-13
4292	5.54494e-13
4293	5.51739e-13
4294	5.53004e-13
4295	5.50532e-13
4296	5.5164e-13
4297	5.48474e-13
4298	5.50103e-13
4299	5.46654e-13
4300	5.47146e-13
4301	5.46257e-13
4302	5.4371e-13
4303	5.44461e-13
4304	5.42338e-13
4305	5.4396e-13
4306	5.39811e-13
4307	5.41448e-13
4308	5.3833e-13
4309	5.40659e-13
4310	5.36177e-13
4311	5.37915e-13
4312	5.36378e-13
4313	5.35424e-13
4314	5.35244e-13
4315	5.33963e-13
4316	5.31334e-13
4317	5.3231e-13
4318	5.30972e-13
4319	5.3094e-13
4320	5.27846e-13
4321	5.28408e-13
4322	5.27649e-13
4323	5.25274e-13
4324	5.26038e-13
4325	5.24541e-13
4326	5.24812e-13
4327	5.21317e-13
4328	5.22377e-13
4329	5.21178e-13
4330	5.22067e-13
4331	5.18421e-13
4332	5.19721e-13
4333	5.18061e-13
4334	5.17875e-13
4335	5.14541e-13
4336	5.15848e-13
4337	5.14214e-13
4338	5.12478e-13
4339	5.13151e-13
4340	5.11922e-13
4341	5.09919e-13
4342	5.10657e-13
4343	5.09628e-13
4344	5.0905e-13
4345	5.0851e-13
4346	5.07244e-13
4347	5.06797e-13
4348	5.05422e-13
4349	5.04827e-13
4350	5.03703e-13
4351	5.02825e-13
4352	5.03861e-13
4353	5.0111e-13
4354	5.00535e-13
4355	4.99729e-13
4356	4.99419e-13
4357	4.983e-13
4358	4.98678e-13
4359	4.96264e-13
4360	4.95643e-13
4361	4.9502e-13
4362	4.93857e-13
4363	4.9325e-13
4364	4.92532e-13
4365	4.9149e-13
4366	4.90946e-13
4367	4.90035e-13
4368	4.90905e-13
4369	4.88811e-13
4370	4.89279e-13
4371	4.867e-13
4372	4.86296e-13
4373	4.85508e-13
4374	4.84778e-13
4375	4.84204e-13
4376	4.83052e-13
4377	4.83591e-13
4378	4.81473e-13
4379	4.80685e-13
4380	4.80336e-13
4381	4.79159e-13
4382	4.78648e-13
4383	4.78989e-13
4384	4.76725e-13
4385	4.77007e-13
4386	4.74985e-13
4387	4.75091e-13
4388	4.73959e-13
4389	4.73422e-13
4390	4.72351e-13
4391	4.71722e-13
4392	4.70503e-13
4393	4.70821e-13
4394	4.69075e-13
4395	4.68684e-13
4396	4.68068e-13
4397	4.67123e-13
4398	4.66961e-13
4399	4.65781e-13
4400	4.64698e-13
4401	4.63986e-13
4402	4.64832e-13
4403	4.62372e-13
4404	4.63196e-13
4405	4.60927e-13
4406	4.60647e-13
4407	4.60109e-13
4408	4.59344e-13
4409	4.60148e-13
4410	4.57694e-13
4411	4.57098e-13
4412	4.58761e-13
4413	4.55112e-13
4414	4.54759e-13
4415	4.5405e-13
4416	4.53554e-13
4417	4.5256e-13
4418	4.52025e-13
4419	4.52595e-13
4420	4.51075e-13
4421	4.49688e-13
4422	4.50686e-13
4423	4.48542e-13
4424	4.47912e-13
4425	4.47319e-13
4426	4.4637e-13
4427	4.45762e-13
4428	4.44888e-13
4429	4.4467e-13
4430	4.45274e-13
4431	4.42901e-13
4432	4.43631e-13
4433	4.41057e-13
4434	4.42155e-13
4435	4.39862e-13
4436	4.41075e-13
4437	4.38634e-13
4438	4.38304e-13
4439	4.37541e-13
4440	4.37798e-13
4441	4.35658e-13
4442	4.35505e-13
4443	4.35159e-13
4444	4.34301e-13
4445	4.3331e-13
4446	4.34045e-13
4447	4.3156e-13
4448	4.32702e-13
4449	4.30427e-13
4450	4.31076e-13
4451	4.29115e-13
4452	4.29023e-13
4453	4.28414e-13
4454	4.28862e-13
4455	4.27345e-13
4456	4.25994e-13
4457	4.26708e-13
4458	4.25171e-13
4459	4.23984e-13
4460	4.24731e-13
4461	4.22976e-13
4462	4.22743e-13
4463	4.2185e-13
4464	4.22105e-13
4465	4.20307e-13
4466	4.20961e-13
4467	4.19085e-13
4468	4.18474e-13
4469	4.17923e-13
4470	4.17478e-13
4471	4.16556e-13
4472	4.15958e-13
4473	4.16242e-13
4474	4.14303e-13
4475	4.14615e-13
4476	4.13247e-13
4477	4.1363e-13
4478	4.11994e-13
4479	4.12148e-13
4480	4.10518e-13
4481	4.11051e-13
4482	4.0939e-13
4483	4.09971e-13
4484	4.08331e-13
4485	4.08893e-13
4486	4.0714e-13
4487	4.07192e-13
4488	4.05659e-13
4489	4.06604e-13
4490	4.04634e-13
4491	4.0495e-13
4492	4.03159e-13
4493	4.0425e-13
4494	4.03157e-13
4495	4.01792e-13
4496	4.01702e-13
4497	4.00638e-13
4498	4.01269e-13
4499	3.99047e-13
4500	3.99857e-13
4501	3.98009e-13
4502	3.98723e-13
4503	3.96652e-13
4504	3.97283e-13
4505	3.95795e-13
4506	3.96528e-13
4507	3.94467e-13
4508	3.95124e-13
4509	3.9323e-13
4510	3.94157e-13
4511	3.92183e-13
4512	3.92521e-13
4513	3.90761e-13
4514	3.91315e-13
4515	3.89481e-13
4516	3.90824e-13
4517	3.896e-13
4518	3.88302e-13
4519	3.8844e-13
4520	3.8693e-13
4521	3.87598e-13
4522	3.85598e-13
4523	3.85936e-13
4524	3.84723e-13
4525	3.85548e-13
4526	3.8431e-13
4527	3.83033e-13
4528	3.83711e-13
4529	3.82383e-13
4530	3.82612e-13
4531	3.80926e-13
4532	3.81281e-13
4533	3.79703e-13
4534	3.80392e-13
4535	3.78704e-13
4536	3.79184e-13
4537	3.77331e-13
4538	3.78291e-13
4539	3.77183e-13
4540	3.76442e-13
4541	3.75295e-13
4542	3.75512e-13
4543	3.74772e-13
4544	3.74599e-13
4545	3.72953e-13
4546	3.73557e-13
4547	3.71993e-13
4548	3.72455e-13
4549	3.71428e-13
4550	3.71037e-13
4551	3.70079e-13
4552	3.70305e-13
4553	3.69281e-13
4554	3.69188e-13
4555	3.67807e-13
4556	3.68212e-13
4557	3.67072e-13
4558	3.66437e-13
4559	3.65666e-13
4560	3.66021e-13
4561	3.65101e-13
4562	3.64824e-13
4563	3.63479e-13
4564	3.64107e-13
4565	3.63033e-13
4566	3.62934e-13
4567	3.62247e-13
4568	3.61767e-13
4569	3.6109e-13
4570	3.60564e-13
4571	3.59677e-13
4572	3.59543e-13
4573	3.59126e-13
4574	3.58493e-13
4575	3.58147e-13
4576	3.57347e-13
4577	3.56717e-13
4578	3.56285e-13
4579	3.56311e-13
4580	3.5542e-13
4581	3.54989e-13
4582	3.54185e-13
4583	3.5518e-13
4584	3.53894e-13
4585	3.53388e-13
4586	3.51953e-13
4587	3.51761e-13
4588	3.51311e-13
4589	3.50666e-13
4590	3.50195e-13
4591	3.49922e-13
4592	3.49399e-13
4593	3.4872e-13
4594	3.49105e-13
4595	3.48613e-13
4596	3.47733e-13
4597	3.47e-13
4598	3.466e-13
4599	3.46448e-13
4600	3.45858e-13
4601	3.45153e-13
4602	3.44235e-13
4603	3.45184e-13
4604	3.44176e-13
4605	3.43384e-13
4606	3.42196e-13
4607	3.42476e-13
4608	3.41497e-13
4609	3.41625e-13
4610	3.41008e-13
4611	3.40345e-13
4612	3.4019e-13
4613	3.39418e-13
4614	3.38847e-13
4615	3.37961e-13
4616	3.37352e-13
4617	3.37481e-13
4618	3.37666e-13
4619	3.36411e-13
4620	3.36158e-13
4621	3.35551e-13
4622	3.35282e-13
4623	3.35346e-13
4624	3.34625e-13
4625	3.34142e-13
4626	3.3337e-13
4627	3.33035e-13
4628	3.32862e-13
4629	3.31776e-13
4630	3.32203e-13
4631	3.31301e-13
4632	3.30857e-13
4633	3.30776e-13
4634	3.30177e-13
4635	3.2911e-13
4636	3.28309e-13
4637	3.28557e-13
4638	3.27622e-13
4639	3.27753e-13
4640	3.27105e-13
4641	3.2643e-13
4642	3.26395e-13
4643	3.25296e-13
4644	3.2492e-13
4645	3.24669e-13
4646	3.23885e-13
4647	3.23324e-13
4648	3.23063e-13
4649	3.22739e-13
4650	3.22243e-13
4651	3.2192e-13
4652	3.21546e-13
4653	3.21109e-13
4654	3.20406e-13
4655	3.20043e-13
4656	3.19588e-13
4657	3.19958e-13
4658	3.1921e-13
4659	3.18798e-13
4660	3.18032e-13
4661	3.17628e-13
4662	3.17041e-13
4663	3.1689e-13
4664	3.16752e-13
4665	3.16339e-13
4666	3.15929e-13
4667	3.1548e-13
4668	3.1373e-13
4669	3.14376e-13
4670	3.14048e-13
4671	3.13156e-13
4672	3.13214e-13
4673	3.12764e-13
4674	3.12247e-13
4675	3.11583e-13
4676	3.12046e-13
4677	3.11213e-13
4678	3.10603e-13
4679	3.09886e-13
4680	3.10038e-13
4681	3.09458e-13
4682	3.09274e-13
4683	3.08354e-13
4684	3.08868e-13
4685	3.08059e-13
4686	3.07222e-13
4687	3.07103e-13
4688	3.06526e-13
4689	3.05767e-13
4690	3.05977e-13
4691	3.05181e-13
4692	3.04663e-13
4693	3.04225e-13
4694	3.03977e-13
4695	3.03839e-13
4696	3.03003e-13
4697	3.02668e-13
4698	3.02348e-13
4699	3.01943e-13
4700	3.01527e-13
4701	3.00839e-13
4702	3.01509e-13
4703	3.00613e-13
4704	3.00487e-13
4705	2.98719e-13
4706	2.99527e-13
4707	2.98608e-13
4708	2.9873e-13
4709	2.97496e-13
4710	2.97906e-13
4711	2.96895e-13
4712	2.96712e-13
4713	2.96652e-13
4714	2.96178e-13
4715	2.95632e-13
4716	2.96021e-13
4717	2.95356e-13
4718	2.94916e-13
4719	2.94391e-13
4720	2.93779e-13
4721	2.93549e-13
4722	2.93027e-13
4723	2.92603e-13
4724	2.92462e-13
4725	2.92087e-13
4726	2.91666e-13
4727	2.91398e-13
4728	2.90846e-13
4729	2.90905e-13
4730	2.89781e-13
4731	2.89645e-13
4732	2.89376e-13
4733	2.89235e-13
4734	2.88329e-13
4735	2.88281e-13
4736	2.87909e-13
4737	2.8782e-13
4738	2.87181e-13
4739	2.86903e-13
4740	2.86519e-13
4741	2.86341e-13
4742	2.85687e-13
4743	2.85326e-13
4744	2.84626e-13
4745	2.85158e-13
4746	2.84492e-13
4747	2.83706e-13
4748	2.83199e-13
4749	2.83209e-13
4750	2.82614e-13
4751	2.82188e-13
4752	2.81904e-13
4753	2.8167e-13
4754	2.81186e-13
4755	2.80936e-13
4756	2.80676e-13
4757	2.80447e-13
4758	2.79649e-13
4759	2.79408e-13
4760	2.79111e-13
4761	2.78705e-13
4762	2.78873e-13
4763	2.78019e-13
4764	2.77861e-13
4765	2.77086e-13
4766	2.76998e-13
4767	2.76997e-13
4768	2.76273e-13
4769	2.76293e-13
4770	2.75538e-13
4771	2.75221e-13
4772	2.74684e-13
4773	2.749e-13
4774	2.73995e-13
4775	2.73944e-13
4776	2.7376e-13
4777	2.72834e-13
4778	2.71849e-13
4779	2.72397e-13
4780	2.718e-13
4781	2.71441e-13
4782	2.71348e-13
4783	2.71047e-13
4784	2.70579e-13
4785	2.70093e-13
4786	2.69939e-13
4787	2.69426e-13
4788	2.6908e-13
4789	2.69051e-13
4790	2.6841e-13
4791	2.68176e-13
4792	2.67797e-13
4793	2.67385e-13
4794	2.67744e-13
4795	2.66941e-13
4796	2.66622e-13
4797	2.66009e-13
4798	2.6601e-13
4799	2.65476e-13
4800	2.65672e-13
4801	2.64668e-13
4802	2.64599e-13
4803	2.64663e-13
4804	2.64013e-13
4805	2.63755e-13
4806	2.63398e-13
4807	2.63003e-13
4808	2.63138e-13
4809	2.62424e-13
4810	2.6209e-13
4811	2.6158e-13
4812	2.61268e-13
4813	2.61424e-13
4814	2.60674e-13
4815	2.60531e-13
4816	2.6028e-13
4817	2.59695e-13
4818	2.59276e-13
4819	2.59119e-13
4820	2.58483e-13
4821	2.58392e-13
4822	2.57985e-13
4823	2.57703e-13
4824	2.5745e-13
4825	2.57092e-13
4826	2.56849e-13
4827	2.56564e-13
4828	2.56308e-13
4829	2.55766e-13
4830	2.55618e-13
4831	2.55062e-13
4832	2.55247e-13
4833	2.54273e-13
4834	2.54395e-13
4835	2.5367e-13
4836	2.54093e-13
4837	2.53271e-13
4838	2.53312e-13
4839	2.52474e-13
4840	2.51432e-13
4841	2.51993e-13
4842	2.51458e-13
4843	2.5125e-13
4844	2.5119e-13
4845	2.50724e-13
4846	2.5054e-13
4847	2.50085e-13
4848	2.49817e-13
4849	2.50079e-13
4850	2.49455e-13
4851	2.49033e-13
4852	2.4875e-13
4853	2.48477e-13
4854	2.48213e-13
4855	2.47947e-13
4856	2.47498e-13
4857	2.47579e-13
4858	2.46757e-13
4859	2.45622e-13
4860	2.46515e-13
4861	2.45904e-13
4862	2.45701e-13
4863	2.45551e-13
4864	2.4493e-13
4865	2.44586e-13
4866	2.44448e-13
4867	2.44028e-13
4868	2.43766e-13
4869	2.43661e-13
4870	2.43333e-13
4871	2.42906e-13
4872	2.42458e-13
4873	2.42655e-13
4874	2.42134e-13
4875	2.41957e-13
4876	2.41322e-13
4877	2.41019e-13
4878	2.41404e-13
4879	2.40775e-13
4880	2.40699e-13
4881	2.4005e-13
4882	2.39929e-13
4883	2.39299e-13
4884	2.39631e-13
4885	2.38659e-13
4886	2.38548e-13
4887	2.3853e-13
4888	2.37936e-13
4889	2.37875e-13
4890	2.3746e-13
4891	2.3707e-13
4892	2.36818e-13
4893	2.36514e-13
4894	2.36466e-13
4895	2.35822e-13
4896	2.35458e-13
4897	2.35178e-13
4898	2.35228e-13
4899	2.34755e-13
4900	2.34653e-13
4901	2.34311e-13
4902	2.34183e-13
4903	2.33742e-13
4904	2.33638e-13
4905	2.33203e-13
4906	2.32772e-13
4907	2.32597e-13
4908	2.32724e-13
4909	2.32197e-13
4910	2.32029e-13
4911	2.31603e-13
4912	2.31569e-13
4913	2.30876e-13
4914	2.30821e-13
4915	2.30376e-13
4916	2.30239e-13
4917	2.2955e-13
4918	2.29723e-13
4919	2.29808e-13
4920	2.28986e-13
4921	2.28922e-13
4922	2.28834e-13
4923	2.28144e-13
4924	2.27971e-13
4925	2.28077e-13
4926	2.27729e-13
4927	2.27206e-13
4928	2.26784e-13
4929	2.2678e-13
4930	2.26722e-13
4931	2.2606e-13
4932	2.26169e-13
4933	2.25879e-13
4934	2.25291e-13
4935	2.25196e-13
4936	2.25321e-13
4937	2.24321e-13
4938	2.24304e-13
4939	2.24461e-13
4940	2.23916e-13
4941	2.23862e-13
4942	2.23538e-13
4943	2.22994e-13
4944	2.22906e-13
4945	2.22569e-13
4946	2.22096e-13
4947	2.22383e-13
4948	2.21609e-13
4949	2.21921e-13
4950	2.20915e-13
4951	2.20654e-13
4952	2.20722e-13
4953	2.20352e-13
4954	2.20187e-13
4955	2.19673e-13
4956	2.19612e-13
4957	2.18659e-13
4958	2.18971e-13
4959	2.18658e-13
4960	2.18515e-13
4961	2.18378e-13
4962	2.18019e-13
4963	2.1761e-13
4964	2.1772e-13
4965	2.17416e-13
4966	2.17026e-13
4967	2.16723e-13
4968	2.16647e-13
4969	2.16418e-13
4970	2.15899e-13
4971	2.15639e-13
4972	2.15244e-13
4973	2.1557e-13
4974	2.14932e-13
4975	2.14727e-13
4976	2.1454e-13
4977	2.14079e-13
4978	2.13898e-13
4979	2.13797e-13
4980	2.1336e-13
4981	2.12553e-13
4982	2.12792e-13
4983	2.13004e-13
4984	2.12578e-13
4985	2.11885e-13
4986	2.1206e-13
4987	2.11855e-13
4988	2.11658e-13
4989	2.11067e-13
4990	2.10278e-13
4991	2.10866e-13
4992	2.10057e-13
4993	2.10407e-13
4994	2.10223e-13
4995	2.09645e-13
4996	2.09453e-13
4997	2.10247e-13
4998	2.09777e-13
4999	2.0953e-13
5000	2.09028e-13
5001	2.08053e-13
5002	2.08351e-13
5003	2.07899e-13
5004	2.07835e-13
5005	2.07585e-13
5006	2.06839e-13
5007	2.0675e-13
5008	2.06277e-13
5009	2.06613e-13
5010	2.06134e-13
5011	2.06171e-13
5012	2.05769e-13
5013	2.05483e-13
5014	2.05472e-13
5015	2.05292e-13
5016	2.04749e-13
5017	2.04382e-13
5018	2.0447e-13
5019	2.04617e-13
5020	2.03841e-13
5021	2.03568e-13
5022	2.03246e-13
5023	2.03046e-13
5024	2.03008e-13
5025	2.02819e-13
5026	2.02692e-13
5027	2.02223e-13
5028	2.0226e-13
5029	2.01689e-13
5030	2.01559e-13
5031	2.01666e-13
5032	2.01426e-13
5033	2.00962e-13
5034	2.00687e-13
5035	2.00504e-13
5036	2.00366e-13
5037	1.99791e-13
5038	1.99902e-13
5039	1.99487e-13
5040	1.99805e-13
5041	1.9909e-13
5042	1.98387e-13
5043	1.98593e-13
5044	1.98584e-13
5045	1.98034e-13
5046	1.98142e-13
5047	1.97206e-13
5048	1.97289e-13
5049	1.97104e-13
5050	1.97058e-13
5051	1.96955e-13
5052	1.96823e-13
5053	1.96366e-13
5054	1.96268e-13
5055	1.95964e-13
5056	1.9579e-13
5057	1.94974e-13
5058	1.95395e-13
5059	1.95321e-13
5060	1.94819e-13
5061	1.94901e-13
5062	1.94335e-13
5063	1.94458e-13
5064	1.94081e-13
5065	1.93343e-13
5066	1.93628e-13
5067	1.93178e-13
5068	1.93172e-13
5069	1.92894e-13
5070	1.928e-13
5071	1.91988e-13
5072	1.9255e-13
5073	1.92342e-13
5074	1.91373e-13
5075	1.91373e-13
5076	1.9132e-13
5077	1.91212e-13
5078	1.90954e-13
5079	1.91004e-13
5080	1.90702e-13
5081	1.90316e-13
5082	1.90047e-13
5083	1.89818e-13
5084	1.8979e-13
5085	1.89158e-13
5086	1.8871e-13
5087	1.89254e-13
5088	1.88408e-13
5089	1.88795e-13
5090	1.88098e-13
5091	1.88278e-13
5092	1.87594e-13
5093	1.87982e-13
5094	1.87816e-13
5095	1.87585e-13
5096	1.87249e-13
5097	1.86431e-13
5098	1.86778e-13
5099	1.86193e-13
5100	1.86176e-13
5101	1.85927e-13
5102	1.86025e-13
5103	1.85458e-13
5104	1.85641e-13
5105	1.85405e-13
5106	1.85067e-13
5107	1.85193e-13
5108	1.84278e-13
5109	1.84615e-13
5110	1.83741e-13
5111	1.84058e-13
5112	1.83504e-13
5113	1.83545e-13
5114	1.83103e-13
5115	1.83305e-13
5116	1.82804e-13
5117	1.8309e-13
5118	1.82467e-13
5119	1.82707e-13
5120	1.82558e-13
5121	1.82176e-13
5122	1.81638e-13
5123	1.81736e-13
5124	1.81118e-13
5125	1.81479e-13
5126	1.80574e-13
5127	1.80959e-13
5128	1.80467e-13
5129	1.80736e-13
5130	1.80427e-13
5131	1.80057e-13
5132	1.80206e-13
5133	1.79465e-13
5134	1.79304e-13
5135	1.78957e-13
5136	1.79019e-13
5137	1.7898e-13
5138	1.78923e-13
5139	1.77818e-13
5140	1.78362e-13
5141	1.77878e-13
5142	1.77995e-13
5143	1.78013e-13
5144	1.77277e-13
5145	1.77468e-13
5146	1.76893e-13
5147	1.77213e-13
5148	1.76484e-13
5149	1.76561e-13
5150	1.76293e-13
5151	1.76147e-13
5152	1.75846e-13
5153	1.76082e-13
5154	1.75302e-13
5155	1.75602e-13
5156	1.75353e-13
5157	1.75376e-13
5158	1.74927e-13
5159	1.74772e-13
5160	1.74712e-13
5161	1.74121e-13
5162	1.74208e-13
5163	1.742e-13
5164	1.73752e-13
5165	1.7355e-13
5166	1.73215e-13
5167	1.73121e-13
5168	1.73181e-13
5169	1.72664e-13
5170	1.72852e-13
5171	1.72213e-13
5172	1.72326e-13
5173	1.72133e-13
5174	1.71631e-13
5175	1.71115e-13
5176	1.71665e-13
5177	1.71236e-13
5178	1.71241e-13
5179	1.70681e-13
5180	1.70671e-13
5181	1.70757e-13
5182	1.70069e-13
5183	1.69855e-13
5184	1.69785e-13
5185	1.69456e-13
5186	1.69806e-13
5187	1.69205e-13
5188	1.69514e-13
5189	1.69189e-13
5190	1.6933e-13
5191	1.68537e-13
5192	1.68643e-13
5193	1.68285e-13
5194	1.68301e-13
5195	1.67836e-13
5196	1.68e-13
5197	1.67555e-13
5198	1.67942e-13
5199	1.67057e-13
5200	1.67388e-13
5201	1.66566e-13
5202	1.66872e-13
5203	1.66604e-13
5204	1.66751e-13
5205	1.66266e-13
5206	1.65737e-13
5207	1.6597e-13
5208	1.65703e-13
5209	1.65678e-13
5210	1.6544e-13
5211	1.65394e-13
5212	1.64817e-13
5213	1.64909e-13
5214	1.64299e-13
5215	1.64416e-13
5216	1.63954e-13
5217	1.64091e-13
5218	1.63909e-13
5219	1.6377e-13
5220	1.63302e-13
5221	1.63516e-13
5222	1.63083e-13
5223	1.63062e-13
5224	1.62583e-13
5225	1.63082e-13
5226	1.62414e-13
5227	1.62335e-13
5228	1.6187e-13
5229	1.62222e-13
5230	1.61824e-13
5231	1.61818e-13
5232	1.61246e-13
5233	1.61399e-13
5234	1.61089e-13
5235	1.61285e-13
5236	1.60952e-13
5237	1.60697e-13
5238	1.60143e-13
5239	1.60494e-13
5240	1.60211e-13
5241	1.60229e-13
5242	1.59836e-13
5243	1.5993e-13
5244	1.59309e-13
5245	1.59329e-13
5246	1.5886e-13
5247	1.58945e-13
5248	1.58618e-13
5249	1.58726e-13
5250	1.58371e-13
5251	1.58448e-13
5252	1.58115e-13
5253	1.58053e-13
5254	1.5775e-13
5255	1.58015e-13
5256	1.57237e-13
5257	1.57633e-13
5258	1.57036e-13
5259	1.57314e-13
5260	1.56559e-13
5261	1.5699e-13
5262	1.56327e-13
5263	1.56099e-13
5264	1.55993e-13
5265	1.56204e-13
5266	1.55796e-13
5267	1.55442e-13
5268	1.55741e-13
5269	1.55295e-13
5270	1.5511e-13
5271	1.54596e-13
5272	1.54836e-13
5273	1.54662e-13
5274	1.54532e-13
5275	1.54247e-13
5276	1.54264e-13
5277	1.53904e-13
5278	1.54039e-13
5279	1.53596e-13
5280	1.53725e-13
5281	1.53213e-13
5282	1.53258e-13
5283	1.52901e-13
5284	1.52829e-13
5285	1.52654e-13
5286	1.5261e-13
5287	1.52422e-13
5288	1.51959e-13
5289	1.52329e-13
5290	1.51774e-13
5291	1.51644e-13
5292	1.51374e-13
5293	1.51527e-13
5294	1.51205e-13
5295	1.50937e-13
5296	1.50995e-13
5297	1.51113e-13
5298	1.50602e-13
5299	1.50518e-13
5300	1.50239e-13
5301	1.50562e-13
5302	1.49988e-13
5303	1.49986e-13
5304	1.49567e-13
5305	1.4972e-13
5306	1.49722e-13
5307	1.49234e-13
5308	1.48929e-13
5309	1.49167e-13
5310	1.48663e-13
5311	1.4886e-13
5312	1.48572e-13
5313	1.48652e-13
5314	1.48156e-13
5315	1.47941e-13
5316	1.47994e-13
5317	1.47861e-13
5318	1.47642e-13
5319	1.47357e-13
5320	1.47311e-13
5321	1.47351e-13
5322	1.4686e-13
5323	1.47271e-13
5324	1.46557e-13
5325	1.46866e-13
5326	1.46198e-13
5327	1.46298e-13
5328	1.45984e-13
5329	1.45974e-13
5330	1.45408e-13
5331	1.45721e-13
5332	1.45614e-13
5333	1.45441e-13
5334	1.45034e-13
5335	1.45291e-13
5336	1.44793e-13
5337	1.44858e-13
5338	1.44402e-13
5339	1.44448e-13
5340	1.44139e-13
5341	1.4424e-13
5342	1.44031e-13
5343	1.43802e-13
5344	1.43702e-13
5345	1.43662e-13
5346	1.43495e-13
5347	1.42997e-13
5348	1.4306e-13
5349	1.43127e-13
5350	1.43208e-13
5351	1.4272e-13
5352	1.42444e-13
5353	1.42512e-13
5354	1.42156e-13
5355	1.42475e-13
5356	1.42004e-13
5357	1.41519e-13
5358	1.41834e-13
5359	1.41575e-13
5360	1.41444e-13
5361	1.41057e-13
5362	1.41341e-13
5363	1.41167e-13
5364	1.40677e-13
5365	1.40592e-13
5366	1.40705e-13
5367	1.40537e-13
5368	1.40164e-13
5369	1.39972e-13
5370	1.39876e-13
5371	1.39758e-13
5372	1.39537e-13
5373	1.39364e-13
5374	1.39246e-13
5375	1.39074e-13
5376	1.38962e-13
5377	1.38488e-13
5378	1.39015e-13
5379	1.38773e-13
5380	1.38564e-13
5381	1.38329e-13
5382	1.38072e-13
5383	1.38288e-13
5384	1.37882e-13
5385	1.37787e-13
5386	1.37563e-13
5387	1.37509e-13
5388	1.37221e-13
5389	1.37146e-13
5390	1.37073e-13
5391	1.37101e-13
5392	1.36921e-13
5393	1.36691e-13
5394	1.36408e-13
5395	1.36557e-13
5396	1.36259e-13
5397	1.36258e-13
5398	1.36054e-13
5399	1.35948e-13
5400	1.35702e-13
5401	1.35648e-13
5402	1.35647e-13
5403	1.35491e-13
5404	1.35184e-13
5405	1.35183e-13
5406	1.34771e-13
5407	1.34614e-13
5408	1.34334e-13
5409	1.34433e-13
5410	1.34264e-13
5411	1.34463e-13
5412	1.34274e-13
5413	1.3398e-13
5414	1.33865e-13
5415	1.33764e-13
5416	1.33648e-13
5417	1.33544e-13
5418	1.33382e-13
5419	1.33055e-13
5420	1.32866e-13
5421	1.33003e-13
5422	1.32475e-13
5423	1.3279e-13
5424	1.32438e-13
5425	1.32315e-13
5426	1.32016e-13
5427	1.32095e-13
5428	1.32076e-13
5429	1.31847e-13
5430	1.31622e-13
5431	1.31858e-13
5432	1.31391e-13
5433	1.31415e-13
5434	1.31271e-13
5435	1.31027e-13
5436	1.3064e-13
5437	1.30959e-13
5438	1.30683e-13
5439	1.30553e-13
5440	1.30351e-13
5441	1.30251e-13
5442	1.29955e-13
5443	1.3028e-13
5444	1.29768e-13
5445	1.29628e-13
5446	1.29593e-13
5447	1.29593e-13
5448	1.29397e-13
5449	1.2931e-13
5450	1.29191e-13
5451	1.29093e-13
5452	1.28861e-13
5453	1.28776e-13
5454	1.28491e-13
5455	1.28668e-13
5456	1.28095e-13
5457	1.28364e-13
5458	1.27872e-13
5459	1.27978e-13
5460	1.27914e-13
5461	1.27808e-13
5462	1.27741e-13
5463	1.27129e-13
5464	1.27232e-13
5465	1.26704e-13
5466	1.27065e-13
5467	1.26856e-13
5468	1.26782e-13
5469	1.26455e-13
5470	1.26751e-13
5471	1.26231e-13
5472	1.26098e-13
5473	1.26267e-13
5474	1.26149e-13
5475	1.25725e-13
5476	1.25799e-13
5477	1.25929e-13
5478	1.25664e-13
5479	1.25483e-13
5480	1.25331e-13
5481	1.25128e-13
5482	1.25023e-13
5483	1.24901e-13
5484	1.24816e-13
5485	1.2505e-13
5486	1.24422e-13
5487	1.24401e-13
5488	1.24128e-13
5489	1.2417e-13
5490	1.24029e-13
5491	1.24084e-13
5492	1.23858e-13
5493	1.23817e-13
5494	1.23782e-13
5495	1.23468e-13
5496	1.23261e-13
5497	1.22812e-13
5498	1.23013e-13
5499	1.23018e-13
5500	1.22834e-13
5501	1.22723e-13
5502	1.22429e-13
5503	1.22662e-13
5504	1.2247e-13
5505	1.22095e-13
5506	1.22253e-13
5507	1.22155e-13
5508	1.22034e-13
5509	1.21906e-13
5510	1.21624e-13
5511	1.21567e-13
5512	1.21628e-13
5513	1.21443e-13
5514	1.21069e-13
5515	1.20819e-13
5516	1.21013e-13
5517	1.20712e-13
5518	1.20827e-13
5519	1.20713e-13
5520	1.20329e-13
5521	1.20161e-13
5522	1.20248e-13
5523	1.19971e-13
5524	1.19938e-13
5525	1.19829e-13
5526	1.19955e-13
5527	1.19754e-13
5528	1.19659e-13
5529	1.19193e-13
5530	1.19113e-13
5531	1.1921e-13
5532	1.19183e-13
5533	1.18934e-13
5534	1.18824e-13
5535	1.18704e-13
5536	1.18463e-13
5537	1.18551e-13
5538	1.18202e-13
5539	1.18303e-13
5540	1.18215e-13
5541	1.18055e-13
5542	1.17859e-13
5543	1.1775e-13
5544	1.17676e-13
5545	1.17403e-13
5546	1.17385e-13
5547	1.17396e-13
5548	1.16998e-13
5549	1.17174e-13
5550	1.17006e-13
5551	1.17067e-13
5552	1.17006e-13
5553	1.16737e-13
5554	1.16502e-13
5555	1.16393e-13
5556	1.16394e-13
5557	1.16046e-13
5558	1.16215e-13
5559	1.16273e-13
5560	1.15613e-13
5561	1.16104e-13
5562	1.15255e-13
5563	1.15563e-13
5564	1.15327e-13
5565	1.15344e-13
5566	1.14872e-13
5567	1.15019e-13
5568	1.14921e-13
5569	1.14716e-13
5570	1.14931e-13
5571	1.14638e-13
5572	1.14471e-13
5573	1.1432e-13
5574	1.14277e-13
5575	1.14216e-13
5576	1.14041e-13
5577	1.14039e-13
5578	1.13958e-13
5579	1.13559e-13
5580	1.13734e-13
5581	1.13622e-13
5582	1.13162e-13
5583	1.13023e-13
5584	1.12993e-13
5585	1.12876e-13
5586	1.12982e-13
5587	1.12724e-13
5588	1.12658e-13
5589	1.12784e-13
5590	1.12566e-13
5591	1.1247e-13
5592	1.12158e-13
5593	1.11989e-13
5594	1.11842e-13
5595	1.11993e-13
5596	1.11616e-13
5597	1.11468e-13
5598	1.11647e-13
5599	1.11627e-13
5600	1.11595e-13
5601	1.11389e-13
5602	1.11129e-13
5603	1.11081e-13
5604	1.10922e-13
5605	1.1091e-13
5606	1.10626e-13
5607	1.1049e-13
5608	1.10443e-13
5609	1.10473e-13
5610	1.10283e-13
5611	1.10352e-13
5612	1.10169e-13
5613	1.09903e-13
5614	1.09851e-13
5615	1.09855e-13
5616	1.09627e-13
5617	1.09603e-13
5618	1.09548e-13
5619	1.09543e-13
5620	1.09142e-13
5621	1.09287e-13
5622	1.089e-13
5623	1.08975e-13
5624	1.08837e-13
5625	1.08813e-13
5626	1.08501e-13
5627	1.08666e-13
5628	1.0848e-13
5629	1.0842e-13
5630	1.08104e-13
5631	1.08386e-13
5632	1.08005e-13
5633	1.08046e-13
5634	1.07789e-13
5635	1.07674e-13
5636	1.07701e-13
5637	1.07572e-13
5638	1.07341e-13
5639	1.07521e-13
5640	1.07195e-13
5641	1.07252e-13
5642	1.07096e-13
5643	1.06887e-13
5644	1.06852e-13
5645	1.06868e-13
5646	1.06792e-13
5647	1.06546e-13
5648	1.0639e-13
5649	1.06618e-13
5650	1.0648e-13
5651	1.06075e-13
5652	1.05874e-13
5653	1.06062e-13
5654	1.05698e-13
5655	1.05772e-13
5656	1.05739e-13
5657	1.05401e-13
5658	1.05555e-13
5659	1.05202e-13
5660	1.05091e-13
5661	1.0534e-13
5662	1.04821e-13
5663	1.04857e-13
5664	1.04853e-13
5665	1.04732e-13
5666	1.04392e-13
5667	1.04515e-13
5668	1.04455e-13
5669	1.04234e-13
5670	1.04274e-13
5671	1.0421e-13
5672	1.04438e-13
5673	1.03963e-13
5674	1.03939e-13
5675	1.04013e-13
5676	1.03845e-13
5677	1.03608e-13
5678	1.03554e-13
5679	1.0338e-13
5680	1.0346e-13
5681	1.0316e-13
5682	1.0329e-13
5683	1.02723e-13
5684	1.02847e-13
5685	1.0258e-13
5686	1.0259e-13
5687	1.02268e-13
5688	1.02196e-13
5689	1.0241e-13
5690	1.02414e-13
5691	1.02338e-13
5692	1.02119e-13
5693	1.02127e-13
5694	1.01919e-13
5695	1.01857e-13
5696	1.01672e-13
5697	1.01565e-13
5698	1.01563e-13
5699	1.01392e-13
5700	1.0145e-13
5701	1.01116e-13
5702	1.01068e-13
5703	1.00782e-13
5704	1.01275e-13
5705	1.00936e-13
