1	1
2	0.753659
3	0.212717
4	0.700878
5	0.520889
6	0.719296
7	0.617896
8	0.705447
9	0.533365
10	0.682991
11	0.57425
12	0.521123
13	0.404468
14	0.374045
15	0.320095
16	0.205459
17	0.170047
18	0.106226
19	0.0917443
20	0.0665601
21	0.0501687
22	0.0344629
23	0.0297699
24	0.0262726
25	0.0239893
26	0.0190371
27	0.0189555
28	0.017967
29	0.016808
30	0.01623
31	0.0159387
32	0.0156175
33	0.0146914
34	0.0141944
35	0.0140422
36	0.0136389
37	0.0131826
38	0.0128163
39	0.0125507
40	0.0121908
41	0.0118881
42	0.0116107
43	0.0113219
44	0.0110643
45	0.0108168
46	0.0105663
47	0.0103396
48	0.0101216
49	0.00990696
50	0.00970535
51	0.00951237
52	0.00932544
53	0.00914661
54	0.00897587
55	0.00881154
56	0.0086536
57	0.00850268
58	0.00835805
59	0.00821952
60	0.00808662
61	0.00795937
62	0.00783731
63	0.00771899
64	0.00760389
65	0.00749163
66	0.00738261
67	0.00727634
68	0.00717268
69	0.00707179
70	0.00697338
71	0.00687734
72	0.00678375
73	0.00669255
74	0.00660346
75	0.00651641
76	0.00643129
77	0.00634801
78	0.00626653
79	0.0061868
80	0.00610875
81	0.00603238
82	0.00595762
83	0.00588442
84	0.00581272
85	0.00574256
86	0.00567375
87	0.00560635
88	0.00554039
89	0.00547556
90	0.00541183
91	0.00534939
92	0.00528819
93	0.00522796
94	0.00516874
95	0.00511075
96	0.00505376
97	0.00499768
98	0.00494262
99	0.00488851
100	0.0048353
101	0.00478307
102	0.00473178
103	0.00468132
104	0.00463169
105	0.00458286
106	0.00453481
107	0.00448753
108	0.00444099
109	0.0043952
110	0.0043501
111	0.00430571
112	0.004262
113	0.00421896
114	0.00417656
115	0.00413477
116	0.00409361
117	0.00405307
118	0.00401313
119	0.00397383
120	0.00393512
121	0.00389697
122	0.00385934
123	0.00382225
124	0.00378568
125	0.00374963
126	0.00371411
127	0.0036791
128	0.00364458
129	0.00361054
130	0.00357698
131	0.00354389
132	0.00351126
133	0.00347907
134	0.00344733
135	0.00341602
136	0.00338515
137	0.0033547
138	0.00332467
139	0.00329505
140	0.00326587
141	0.00323708
142	0.00320868
143	0.00318066
144	0.00315301
145	0.00312573
146	0.00309882
147	0.00307228
148	0.00304609
149	0.00302025
150	0.00299475
151	0.00296959
152	0.00294476
153	0.00292025
154	0.00289606
155	0.00287218
156	0.0028486
157	0.00282532
158	0.00280235
159	0.00277966
160	0.00275726
161	0.00273515
162	0.00271332
163	0.00269177
164	0.0026705
165	0.00264949
166	0.00262875
167	0.00260825
168	0.00258801
169	0.00256802
170	0.00254826
171	0.00252875
172	0.00250947
173	0.00249041
174	0.00247159
175	0.00245298
176	0.0024346
177	0.00241644
178	0.00239849
179	0.00238076
180	0.00236323
181	0.0023459
182	0.00232878
183	0.00231185
184	0.00229512
185	0.00227858
186	0.00226222
187	0.00224605
188	0.00223006
189	0.00221427
190	0.00219864
191	0.00218319
192	0.00216791
193	0.00215279
194	0.00213784
195	0.00212306
196	0.00210843
197	0.00209396
198	0.00207965
199	0.00206548
200	0.00205146
201	0.00203759
202	0.00202387
203	0.0020103
204	0.00199686
205	0.00198357
206	0.00197041
207	0.00195739
208	0.00194451
209	0.00193176
210	0.00191913
211	0.00190663
212	0.00189425
213	0.001882
214	0.00186988
215	0.00185787
216	0.00184599
217	0.00183422
218	0.00182258
219	0.00181105
220	0.00179963
221	0.00178832
222	0.00177713
223	0.00176604
224	0.00175506
225	0.00174418
226	0.00173342
227	0.00172275
228	0.00171218
229	0.00170171
230	0.00169134
231	0.00168106
232	0.00167089
233	0.0016608
234	0.00165081
235	0.00164091
236	0.00163109
237	0.00162137
238	0.00161173
239	0.00160218
240	0.00159272
241	0.00158333
242	0.00157404
243	0.00156482
244	0.00155569
245	0.00154664
246	0.00153767
247	0.00152878
248	0.00151996
249	0.00151122
250	0.00150256
251	0.00149397
252	0.00148545
253	0.00147701
254	0.00146864
255	0.00146034
256	0.00145211
257	0.00144396
258	0.00143586
259	0.00142784
260	0.00141988
261	0.00141199
262	0.00140416
263	0.0013964
264	0.0013887
265	0.00138107
266	0.0013735
267	0.00136599
268	0.00135854
269	0.00135115
270	0.00134381
271	0.00133654
272	0.00132933
273	0.00132217
274	0.00131507
275	0.00130802
276	0.00130104
277	0.0012941
278	0.00128722
279	0.00128039
280	0.00127362
281	0.0012669
282	0.00126022
283	0.00125361
284	0.00124704
285	0.00124052
286	0.00123405
287	0.00122763
288	0.00122126
289	0.00121493
290	0.00120866
291	0.00120243
292	0.00119624
293	0.0011901
294	0.00118401
295	0.00117796
296	0.00117196
297	0.001166
298	0.00116008
299	0.00115421
300	0.00114838
301	0.0011426
302	0.00113685
303	0.00113115
304	0.00112549
305	0.00111987
306	0.00111429
307	0.00110874
308	0.00110324
309	0.00109778
310	0.00109235
311	0.00108696
312	0.00108161
313	0.0010763
314	0.00107103
315	0.00106578
316	0.00106059
317	0.00105541
318	0.00105028
319	0.00104519
320	0.00104012
321	0.00103509
322	0.0010301
323	0.00102514
324	0.00102021
325	0.00101531
326	0.00101045
327	0.00100562
328	0.00100083
329	0.000996064
330	0.000991332
331	0.000986631
332	0.000981961
333	0.000977322
334	0.000972709
335	0.000968142
336	0.000963588
337	0.000959068
338	0.000954582
339	0.000950122
340	0.00094569
341	0.000941288
342	0.000936914
343	0.000932567
344	0.000928249
345	0.000923958
346	0.000919695
347	0.000915454
348	0.000911256
349	0.000907067
350	0.000902908
351	0.000898781
352	0.000894677
353	0.000890597
354	0.000886544
355	0.000882517
356	0.000878514
357	0.000874536
358	0.000870583
359	0.000866655
360	0.000862749
361	0.000858868
362	0.00085501
363	0.000851176
364	0.000847366
365	0.000843578
366	0.000839813
367	0.000836072
368	0.000832353
369	0.000828656
370	0.00082498
371	0.000821329
372	0.000817692
373	0.000814089
374	0.000810506
375	0.000806932
376	0.000803387
377	0.000799866
378	0.000796361
379	0.000792878
380	0.000789412
381	0.000785979
382	0.000782552
383	0.000779147
384	0.00077577
385	0.000772406
386	0.000769061
387	0.000765739
388	0.000762428
389	0.000759149
390	0.000755886
391	0.00075263
392	0.000749401
393	0.000746192
394	0.000742997
395	0.000739822
396	0.000736665
397	0.000733525
398	0.000730403
399	0.000727299
400	0.000724211
401	0.000721142
402	0.000718088
403	0.000715052
404	0.000712032
405	0.00070903
406	0.000706044
407	0.000703074
408	0.000700118
409	0.000697186
410	0.000694267
411	0.000691356
412	0.000688469
413	0.000685598
414	0.00068274
415	0.000679897
416	0.000677072
417	0.000674261
418	0.000671461
419	0.000668685
420	0.000665923
421	0.000663166
422	0.000660431
423	0.000657712
424	0.000655005
425	0.000652311
426	0.000649634
427	0.00064697
428	0.00064432
429	0.000641684
430	0.000639063
431	0.000636451
432	0.000633861
433	0.000631284
434	0.000628711
435	0.000626158
436	0.00062362
437	0.000621091
438	0.000618577
439	0.000616077
440	0.000613589
441	0.000611114
442	0.000608652
443	0.000606203
444	0.000603766
445	0.000601342
446	0.000598927
447	0.000596532
448	0.000594148
449	0.000591767
450	0.000589405
451	0.000587056
452	0.000584717
453	0.000582386
454	0.000580076
455	0.000577775
456	0.000575477
457	0.000573198
458	0.000570928
459	0.000568676
460	0.000566422
461	0.00056419
462	0.000561971
463	0.000559752
464	0.000557551
465	0.000555359
466	0.000553182
467	0.000551014
468	0.000548852
469	0.000546704
470	0.000544568
471	0.000542441
472	0.000540324
473	0.000538219
474	0.000536123
475	0.000534037
476	0.000531962
477	0.000529894
478	0.000527843
479	0.000525799
480	0.00052376
481	0.000521732
482	0.000519722
483	0.000517718
484	0.000515714
485	0.000513735
486	0.000511756
487	0.000509787
488	0.000507829
489	0.000505884
490	0.000503943
491	0.000502016
492	0.00050009
493	0.000498182
494	0.000496283
495	0.000494384
496	0.000492498
497	0.000490627
498	0.000488762
499	0.0004869
500	0.000485052
501	0.000483212
502	0.00048138
503	0.000479554
504	0.000477743
505	0.000475936
506	0.000474139
507	0.000472347
508	0.000470566
509	0.000468794
510	0.000467029
511	0.00046527
512	0.000463525
513	0.000461787
514	0.000460051
515	0.000458327
516	0.000456612
517	0.000454901
518	0.000453202
519	0.00045151
520	0.000449826
521	0.000448143
522	0.000446477
523	0.000444818
524	0.000443159
525	0.00044151
526	0.000439874
527	0.000438241
528	0.000436617
529	0.000434995
530	0.00043339
531	0.000431785
532	0.000430188
533	0.000428598
534	0.000427019
535	0.000425444
536	0.000423878
537	0.000422314
538	0.000420763
539	0.000419217
540	0.000417676
541	0.000416144
542	0.000414617
543	0.000413098
544	0.000411586
545	0.00041008
546	0.000408581
547	0.000407088
548	0.000405602
549	0.000404123
550	0.00040265
551	0.000401183
552	0.000399723
553	0.000398271
554	0.000396821
555	0.000395381
556	0.000393947
557	0.000392516
558	0.000391096
559	0.00038968
560	0.000388271
561	0.000386863
562	0.000385468
563	0.000384077
564	0.00038269
565	0.00038131
566	0.000379937
567	0.000378569
568	0.000377207
569	0.000375851
570	0.000374501
571	0.000373157
572	0.000371818
573	0.000370484
574	0.000369158
575	0.000367836
576	0.00036652
577	0.00036521
578	0.000363905
579	0.000362606
580	0.000361312
581	0.000360024
582	0.000358741
583	0.000357463
584	0.000356191
585	0.000354925
586	0.000353663
587	0.000352408
588	0.000351157
589	0.000349911
590	0.000348671
591	0.000347436
592	0.000346206
593	0.000344982
594	0.000343762
595	0.000342547
596	0.000341338
597	0.000340135
598	0.000338932
599	0.00033774
600	0.000336551
601	0.000335366
602	0.000334187
603	0.000333012
604	0.000331842
605	0.000330677
606	0.000329517
607	0.000328362
608	0.000327211
609	0.000326065
610	0.000324924
611	0.000323787
612	0.000322656
613	0.000321528
614	0.000320406
615	0.000319288
616	0.000318174
617	0.000317066
618	0.000315961
619	0.000314861
620	0.000313766
621	0.000312675
622	0.000311589
623	0.000310506
624	0.00030943
625	0.000308354
626	0.000307287
627	0.000306223
628	0.000305163
629	0.000304103
630	0.000303054
631	0.000302007
632	0.000300963
633	0.000299924
634	0.000298889
635	0.000297858
636	0.000296831
637	0.000295809
638	0.000294792
639	0.000293773
640	0.000292766
641	0.000291759
642	0.000290756
643	0.000289758
644	0.000288764
645	0.000287773
646	0.000286787
647	0.000285804
648	0.000284826
649	0.000283851
650	0.000282878
651	0.000281913
652	0.000280952
653	0.000279989
654	0.000279034
655	0.000278083
656	0.000277134
657	0.00027619
658	0.000275249
659	0.000274312
660	0.000273379
661	0.000272449
662	0.000271523
663	0.000270601
664	0.000269682
665	0.000268767
666	0.000267855
667	0.000266947
668	0.000266042
669	0.000265141
670	0.000264244
671	0.00026335
672	0.000262459
673	0.000261572
674	0.000260689
675	0.000259808
676	0.000258932
677	0.000258058
678	0.000257188
679	0.000256321
680	0.000255458
681	0.000254598
682	0.000253741
683	0.000252888
684	0.000252038
685	0.000251191
686	0.000250346
687	0.000249507
688	0.000248671
689	0.000247835
690	0.000247005
691	0.000246177
692	0.000245353
693	0.000244531
694	0.000243714
695	0.000242899
696	0.000242087
697	0.000241278
698	0.000240472
699	0.000239669
700	0.00023887
701	0.000238073
702	0.000237279
703	0.000236489
704	0.000235701
705	0.000234917
706	0.000234135
707	0.000233356
708	0.000232581
709	0.000231808
710	0.000231038
711	0.000230271
712	0.000229507
713	0.000228746
714	0.000227987
715	0.000227232
716	0.000226479
717	0.000225729
718	0.000224982
719	0.000224238
720	0.000223496
721	0.000222757
722	0.000222021
723	0.000221287
724	0.000220558
725	0.000219832
726	0.000219105
727	0.000218382
728	0.000217662
729	0.000216946
730	0.000216232
731	0.000215519
732	0.000214811
733	0.000214106
734	0.0002134
735	0.000212699
736	0.000212001
737	0.000211305
738	0.000210611
739	0.00020992
740	0.000209232
741	0.000208546
742	0.000207862
743	0.000207182
744	0.000206503
745	0.000205827
746	0.000205154
747	0.000204483
748	0.000203815
749	0.000203149
750	0.000202484
751	0.000201824
752	0.000201167
753	0.000200509
754	0.000199854
755	0.000199204
756	0.000198556
757	0.000197907
758	0.000197263
759	0.000196622
760	0.000195982
761	0.000195344
762	0.000194709
763	0.000194076
764	0.000193446
765	0.000192817
766	0.000192191
767	0.000191568
768	0.000190946
769	0.000190327
770	0.000189709
771	0.000189096
772	0.000188483
773	0.000187874
774	0.000187264
775	0.000186658
776	0.000186054
777	0.000185453
778	0.000184855
779	0.000184256
780	0.000183661
781	0.000183069
782	0.000182478
783	0.000181888
784	0.000181302
785	0.000180719
786	0.000180135
787	0.000179554
788	0.000178977
789	0.000178402
790	0.000177826
791	0.000177254
792	0.000176684
793	0.000176115
794	0.00017555
795	0.000174986
796	0.000174425
797	0.000173864
798	0.000173305
799	0.000172751
800	0.000172197
801	0.000171644
802	0.000171093
803	0.000170546
804	0.000170001
805	0.000169455
806	0.000168913
807	0.000168373
808	0.000167834
809	0.000167297
810	0.000166762
811	0.00016623
812	0.000165699
813	0.000165171
814	0.000164643
815	0.000164116
816	0.000163595
817	0.000163074
818	0.000162552
819	0.000162034
820	0.000161519
821	0.000161004
822	0.000160492
823	0.000159981
824	0.000159472
825	0.000158964
826	0.00015846
827	0.000157957
828	0.000157454
829	0.000156953
830	0.000156456
831	0.00015596
832	0.000155464
833	0.00015497
834	0.00015448
835	0.000153991
836	0.000153502
837	0.000153014
838	0.000152531
839	0.000152048
840	0.000151568
841	0.000151087
842	0.000150609
843	0.000150133
844	0.000149659
845	0.000149185
846	0.000148715
847	0.000148245
848	0.000147776
849	0.00014731
850	0.000146845
851	0.000146382
852	0.000145921
853	0.00014546
854	0.000145002
855	0.000144545
856	0.00014409
857	0.000143636
858	0.000143184
859	0.000142734
860	0.000142284
861	0.000141837
862	0.000141391
863	0.000140947
864	0.000140504
865	0.000140062
866	0.000139623
867	0.000139184
868	0.000138747
869	0.000138312
870	0.000137878
871	0.000137446
872	0.000137015
873	0.000136586
874	0.000136158
875	0.000135731
876	0.000135306
877	0.000134883
878	0.00013446
879	0.00013404
880	0.00013362
881	0.000133203
882	0.000132786
883	0.000132371
884	0.000131958
885	0.000131546
886	0.000131135
887	0.000130725
888	0.000130317
889	0.000129911
890	0.000129506
891	0.000129102
892	0.000128699
893	0.000128298
894	0.000127898
895	0.0001275
896	0.000127103
897	0.000126708
898	0.000126313
899	0.00012592
900	0.000125528
901	0.000125138
902	0.000124748
903	0.000124361
904	0.000123974
905	0.000123589
906	0.000123205
907	0.000122822
908	0.000122441
909	0.000122061
910	0.000121682
911	0.000121305
912	0.000120928
913	0.000120554
914	0.00012018
915	0.000119807
916	0.000119437
917	0.000119066
918	0.000118698
919	0.00011833
920	0.000117964
921	0.000117599
922	0.000117235
923	0.000116873
924	0.000116511
925	0.000116151
926	0.000115792
927	0.000115434
928	0.000115077
929	0.000114722
930	0.000114368
931	0.000114015
932	0.000113663
933	0.000113312
934	0.000112963
935	0.000112614
936	0.000112267
937	0.000111921
938	0.000111576
939	0.000111233
940	0.00011089
941	0.000110549
942	0.000110208
943	0.000109869
944	0.000109531
945	0.000109194
946	0.000108858
947	0.000108523
948	0.00010819
949	0.000107857
950	0.000107526
951	0.000107196
952	0.000106867
953	0.000106538
954	0.000106211
955	0.000105885
956	0.000105561
957	0.000105237
958	0.000104914
959	0.000104592
960	0.000104272
961	0.000103952
962	0.000103634
963	0.000103316
964	0.000103
965	0.000102684
966	0.00010237
967	0.000102057
968	0.000101745
969	0.000101433
970	0.000101123
971	0.000100814
972	0.000100506
973	0.000100199
974	9.98929e-05
975	9.95878e-05
976	9.92838e-05
977	9.89808e-05
978	9.86787e-05
979	9.83775e-05
980	9.80775e-05
981	9.77785e-05
982	9.74803e-05
983	9.71832e-05
984	9.68869e-05
985	9.65918e-05
986	9.62975e-05
987	9.60042e-05
988	9.5712e-05
989	9.54204e-05
990	9.513e-05
991	9.48406e-05
992	9.4552e-05
993	9.42644e-05
994	9.39778e-05
995	9.3692e-05
996	9.34072e-05
997	9.31234e-05
998	9.28405e-05
999	9.25585e-05
1000	9.22773e-05
1001	9.19971e-05
1002	9.1718e-05
1003	9.14396e-05
1004	9.11621e-05
1005	9.08856e-05
1006	9.061e-05
1007	9.03353e-05
1008	9.00614e-05
1009	8.97884e-05
1010	8.95164e-05
1011	8.92453e-05
1012	8.89749e-05
1013	8.87056e-05
1014	8.84369e-05
1015	8.81693e-05
1016	8.79025e-05
1017	8.76366e-05
1018	8.73715e-05
1019	8.71073e-05
1020	8.68438e-05
1021	8.65815e-05
1022	8.63198e-05
1023	8.6059e-05
1024	8.5799e-05
1025	8.55399e-05
1026	8.52816e-05
1027	8.50242e-05
1028	8.47677e-05
1029	8.45118e-05
1030	8.42569e-05
1031	8.40027e-05
1032	8.37495e-05
1033	8.3497e-05
1034	8.32452e-05
1035	8.29944e-05
1036	8.27443e-05
1037	8.24951e-05
1038	8.22466e-05
1039	8.1999e-05
1040	8.17521e-05
1041	8.1506e-05
1042	8.12608e-05
1043	8.10163e-05
1044	8.07726e-05
1045	8.05297e-05
1046	8.02876e-05
1047	8.00462e-05
1048	7.98056e-05
1049	7.95652e-05
1050	7.93275e-05
1051	7.90885e-05
1052	7.88509e-05
1053	7.86144e-05
1054	7.83783e-05
1055	7.81431e-05
1056	7.79086e-05
1057	7.76749e-05
1058	7.7442e-05
1059	7.72097e-05
1060	7.69782e-05
1061	7.67475e-05
1062	7.65175e-05
1063	7.62883e-05
1064	7.60597e-05
1065	7.58319e-05
1066	7.56043e-05
1067	7.53787e-05
1068	7.51535e-05
1069	7.49278e-05
1070	7.47037e-05
1071	7.44804e-05
1072	7.42576e-05
1073	7.40355e-05
1074	7.38142e-05
1075	7.35937e-05
1076	7.33736e-05
1077	7.31545e-05
1078	7.2936e-05
1079	7.27182e-05
1080	7.25011e-05
1081	7.22846e-05
1082	7.20689e-05
1083	7.18538e-05
1084	7.16394e-05
1085	7.14257e-05
1086	7.12127e-05
1087	7.10004e-05
1088	7.07888e-05
1089	7.05777e-05
1090	7.03674e-05
1091	7.01578e-05
1092	6.99488e-05
1093	6.97404e-05
1094	6.95328e-05
1095	6.93258e-05
1096	6.91188e-05
1097	6.89139e-05
1098	6.87092e-05
1099	6.85041e-05
1100	6.83004e-05
1101	6.80974e-05
1102	6.78949e-05
1103	6.7693e-05
1104	6.74918e-05
1105	6.72913e-05
1106	6.70914e-05
1107	6.68921e-05
1108	6.66935e-05
1109	6.64954e-05
1110	6.6298e-05
1111	6.61013e-05
1112	6.59051e-05
1113	6.57095e-05
1114	6.55147e-05
1115	6.53204e-05
1116	6.51266e-05
1117	6.49336e-05
1118	6.47406e-05
1119	6.45494e-05
1120	6.43585e-05
1121	6.41672e-05
1122	6.39772e-05
1123	6.37879e-05
1124	6.3599e-05
1125	6.34107e-05
1126	6.32231e-05
1127	6.3036e-05
1128	6.28495e-05
1129	6.26637e-05
1130	6.24783e-05
1131	6.22936e-05
1132	6.21095e-05
1133	6.19259e-05
1134	6.1743e-05
1135	6.15606e-05
1136	6.13788e-05
1137	6.11976e-05
1138	6.10169e-05
1139	6.08368e-05
1140	6.06573e-05
1141	6.04783e-05
1142	6.02999e-05
1143	6.01221e-05
1144	5.99447e-05
1145	5.97681e-05
1146	5.9592e-05
1147	5.94162e-05
1148	5.92413e-05
1149	5.90663e-05
1150	5.8893e-05
1151	5.87199e-05
1152	5.85464e-05
1153	5.83742e-05
1154	5.82025e-05
1155	5.80312e-05
1156	5.78605e-05
1157	5.76903e-05
1158	5.75207e-05
1159	5.73518e-05
1160	5.7183e-05
1161	5.70151e-05
1162	5.68476e-05
1163	5.66806e-05
1164	5.65142e-05
1165	5.63478e-05
1166	5.61832e-05
1167	5.60179e-05
1168	5.58534e-05
1169	5.56896e-05
1170	5.55263e-05
1171	5.53634e-05
1172	5.52011e-05
1173	5.50392e-05
1174	5.48779e-05
1175	5.4717e-05
1176	5.45567e-05
1177	5.43968e-05
1178	5.42375e-05
1179	5.40787e-05
1180	5.39203e-05
1181	5.37625e-05
1182	5.36051e-05
1183	5.34483e-05
1184	5.32919e-05
1185	5.3136e-05
1186	5.29806e-05
1187	5.28257e-05
1188	5.26712e-05
1189	5.25173e-05
1190	5.23638e-05
1191	5.22108e-05
1192	5.20583e-05
1193	5.19063e-05
1194	5.17546e-05
1195	5.16035e-05
1196	5.14529e-05
1197	5.13027e-05
1198	5.1153e-05
1199	5.10038e-05
1200	5.08546e-05
1201	5.07069e-05
1202	5.05593e-05
1203	5.04114e-05
1204	5.02645e-05
1205	5.01181e-05
1206	4.99721e-05
1207	4.98261e-05
1208	4.96815e-05
1209	4.95371e-05
1210	4.93924e-05
1211	4.92486e-05
1212	4.91054e-05
1213	4.89625e-05
1214	4.882e-05
1215	4.86781e-05
1216	4.85365e-05
1217	4.83954e-05
1218	4.82547e-05
1219	4.81144e-05
1220	4.79746e-05
1221	4.78352e-05
1222	4.76962e-05
1223	4.75577e-05
1224	4.74196e-05
1225	4.72819e-05
1226	4.71447e-05
1227	4.7008e-05
1228	4.68716e-05
1229	4.67356e-05
1230	4.66001e-05
1231	4.6465e-05
1232	4.63303e-05
1233	4.6196e-05
1234	4.60622e-05
1235	4.59287e-05
1236	4.57957e-05
1237	4.56631e-05
1238	4.55308e-05
1239	4.53991e-05
1240	4.52677e-05
1241	4.51367e-05
1242	4.50061e-05
1243	4.48758e-05
1244	4.47461e-05
1245	4.46168e-05
1246	4.44878e-05
1247	4.43592e-05
1248	4.4231e-05
1249	4.41032e-05
1250	4.39759e-05
1251	4.38491e-05
1252	4.37222e-05
1253	4.35961e-05
1254	4.34702e-05
1255	4.33448e-05
1256	4.32197e-05
1257	4.30951e-05
1258	4.29709e-05
1259	4.28469e-05
1260	4.27234e-05
1261	4.26003e-05
1262	4.24772e-05
1263	4.23553e-05
1264	4.22335e-05
1265	4.21115e-05
1266	4.19903e-05
1267	4.18695e-05
1268	4.1749e-05
1269	4.16289e-05
1270	4.15092e-05
1271	4.13898e-05
1272	4.12708e-05
1273	4.11522e-05
1274	4.10338e-05
1275	4.09159e-05
1276	4.07984e-05
1277	4.06812e-05
1278	4.05644e-05
1279	4.04479e-05
1280	4.03318e-05
1281	4.0216e-05
1282	4.01006e-05
1283	3.99856e-05
1284	3.98709e-05
1285	3.97562e-05
1286	3.96427e-05
1287	3.95292e-05
1288	3.94155e-05
1289	3.93027e-05
1290	3.91901e-05
1291	3.90779e-05
1292	3.8966e-05
1293	3.88544e-05
1294	3.87432e-05
1295	3.86323e-05
1296	3.85218e-05
1297	3.84116e-05
1298	3.83017e-05
1299	3.81919e-05
1300	3.80831e-05
1301	3.79745e-05
1302	3.78656e-05
1303	3.77575e-05
1304	3.76497e-05
1305	3.75422e-05
1306	3.7435e-05
1307	3.73282e-05
1308	3.72217e-05
1309	3.71154e-05
1310	3.70096e-05
1311	3.6904e-05
1312	3.67988e-05
1313	3.66939e-05
1314	3.65893e-05
1315	3.64851e-05
1316	3.63812e-05
1317	3.62776e-05
1318	3.61743e-05
1319	3.60713e-05
1320	3.59687e-05
1321	3.58663e-05
1322	3.57643e-05
1323	3.56626e-05
1324	3.55612e-05
1325	3.54598e-05
1326	3.53594e-05
1327	3.52592e-05
1328	3.51588e-05
1329	3.50588e-05
1330	3.49592e-05
1331	3.48602e-05
1332	3.47609e-05
1333	3.46623e-05
1334	3.4564e-05
1335	3.44659e-05
1336	3.43679e-05
1337	3.42707e-05
1338	3.41738e-05
1339	3.40763e-05
1340	3.39801e-05
1341	3.38841e-05
1342	3.37877e-05
1343	3.36921e-05
1344	3.35967e-05
1345	3.35016e-05
1346	3.34068e-05
1347	3.33123e-05
1348	3.3218e-05
1349	3.31241e-05
1350	3.30304e-05
1351	3.2937e-05
1352	3.28439e-05
1353	3.2751e-05
1354	3.26585e-05
1355	3.25664e-05
1356	3.24745e-05
1357	3.23827e-05
1358	3.22912e-05
1359	3.22002e-05
1360	3.21088e-05
1361	3.20186e-05
1362	3.19283e-05
1363	3.18384e-05
1364	3.17484e-05
1365	3.16587e-05
1366	3.15698e-05
1367	3.14811e-05
1368	3.1392e-05
1369	3.13037e-05
1370	3.12156e-05
1371	3.11277e-05
1372	3.10399e-05
1373	3.09528e-05
1374	3.08659e-05
1375	3.07788e-05
1376	3.06923e-05
1377	3.06061e-05
1378	3.05201e-05
1379	3.04343e-05
1380	3.03488e-05
1381	3.02636e-05
1382	3.01784e-05
1383	3.0094e-05
1384	3.00097e-05
1385	2.99253e-05
1386	2.98414e-05
1387	2.97578e-05
1388	2.96744e-05
1389	2.95913e-05
1390	2.95084e-05
1391	2.94255e-05
1392	2.93434e-05
1393	2.92615e-05
1394	2.91793e-05
1395	2.90977e-05
1396	2.90163e-05
1397	2.89352e-05
1398	2.88543e-05
1399	2.87736e-05
1400	2.86932e-05
1401	2.8613e-05
1402	2.85331e-05
1403	2.84534e-05
1404	2.8373e-05
1405	2.82952e-05
1406	2.82165e-05
1407	2.81371e-05
1408	2.80583e-05
1409	2.79806e-05
1410	2.79024e-05
1411	2.78245e-05
1412	2.77471e-05
1413	2.767e-05
1414	2.75927e-05
1415	2.75159e-05
1416	2.74396e-05
1417	2.73628e-05
1418	2.7287e-05
1419	2.7211e-05
1420	2.71354e-05
1421	2.70596e-05
1422	2.69846e-05
1423	2.69098e-05
1424	2.68347e-05
1425	2.67601e-05
1426	2.6686e-05
1427	2.66119e-05
1428	2.6538e-05
1429	2.64644e-05
1430	2.63909e-05
1431	2.6318e-05
1432	2.62446e-05
1433	2.61721e-05
1434	2.60996e-05
1435	2.60274e-05
1436	2.59551e-05
1437	2.58832e-05
1438	2.58116e-05
1439	2.57402e-05
1440	2.5669e-05
1441	2.55978e-05
1442	2.55272e-05
1443	2.54566e-05
1444	2.53862e-05
1445	2.53161e-05
1446	2.52461e-05
1447	2.51764e-05
1448	2.51071e-05
1449	2.50376e-05
1450	2.49685e-05
1451	2.48997e-05
1452	2.4831e-05
1453	2.47626e-05
1454	2.46943e-05
1455	2.46261e-05
1456	2.45586e-05
1457	2.44907e-05
1458	2.44232e-05
1459	2.43561e-05
1460	2.42891e-05
1461	2.42223e-05
1462	2.41558e-05
1463	2.4089e-05
1464	2.4023e-05
1465	2.3957e-05
1466	2.38911e-05
1467	2.38257e-05
1468	2.37599e-05
1469	2.36949e-05
1470	2.36292e-05
1471	2.35653e-05
1472	2.35009e-05
1473	2.34357e-05
1474	2.3371e-05
1475	2.33078e-05
1476	2.32443e-05
1477	2.318e-05
1478	2.31162e-05
1479	2.30533e-05
1480	2.29904e-05
1481	2.29272e-05
1482	2.28645e-05
1483	2.2802e-05
1484	2.27397e-05
1485	2.26774e-05
1486	2.26156e-05
1487	2.25539e-05
1488	2.24924e-05
1489	2.24307e-05
1490	2.23697e-05
1491	2.23075e-05
1492	2.22488e-05
1493	2.21876e-05
1494	2.21263e-05
1495	2.20663e-05
1496	2.20062e-05
1497	2.19465e-05
1498	2.18864e-05
1499	2.18269e-05
1500	2.17677e-05
1501	2.17085e-05
1502	2.16495e-05
1503	2.15906e-05
1504	2.1532e-05
1505	2.14737e-05
1506	2.1415e-05
1507	2.13571e-05
1508	2.12993e-05
1509	2.12413e-05
1510	2.11837e-05
1511	2.11262e-05
1512	2.10691e-05
1513	2.1012e-05
1514	2.09552e-05
1515	2.08982e-05
1516	2.08418e-05
1517	2.07856e-05
1518	2.07291e-05
1519	2.0673e-05
1520	2.06173e-05
1521	2.05617e-05
1522	2.05058e-05
1523	2.04506e-05
1524	2.03954e-05
1525	2.03404e-05
1526	2.02854e-05
1527	2.02307e-05
1528	2.0176e-05
1529	2.01219e-05
1530	2.00674e-05
1531	2.00135e-05
1532	1.99596e-05
1533	1.99059e-05
1534	1.98521e-05
1535	1.97988e-05
1536	1.97457e-05
1537	1.96923e-05
1538	1.96395e-05
1539	1.95867e-05
1540	1.95342e-05
1541	1.94814e-05
1542	1.94293e-05
1543	1.93772e-05
1544	1.93238e-05
1545	1.92744e-05
1546	1.92219e-05
1547	1.91697e-05
1548	1.91187e-05
1549	1.90674e-05
1550	1.90164e-05
1551	1.89657e-05
1552	1.89141e-05
1553	1.88643e-05
1554	1.88141e-05
1555	1.87632e-05
1556	1.87131e-05
1557	1.86632e-05
1558	1.86135e-05
1559	1.85635e-05
1560	1.85137e-05
1561	1.8465e-05
1562	1.8416e-05
1563	1.83663e-05
1564	1.83174e-05
1565	1.82687e-05
1566	1.82201e-05
1567	1.81716e-05
1568	1.81232e-05
1569	1.80751e-05
1570	1.80271e-05
1571	1.79791e-05
1572	1.79313e-05
1573	1.78838e-05
1574	1.78363e-05
1575	1.77889e-05
1576	1.77418e-05
1577	1.76947e-05
1578	1.76478e-05
1579	1.7601e-05
1580	1.75544e-05
1581	1.75079e-05
1582	1.74611e-05
1583	1.74156e-05
1584	1.73697e-05
1585	1.73232e-05
1586	1.72776e-05
1587	1.7232e-05
1588	1.71865e-05
1589	1.71411e-05
1590	1.70958e-05
1591	1.70507e-05
1592	1.70058e-05
1593	1.69609e-05
1594	1.69161e-05
1595	1.68716e-05
1596	1.68271e-05
1597	1.67828e-05
1598	1.67386e-05
1599	1.66945e-05
1600	1.66506e-05
1601	1.66068e-05
1602	1.65632e-05
1603	1.65197e-05
1604	1.64763e-05
1605	1.6433e-05
1606	1.63899e-05
1607	1.63469e-05
1608	1.6304e-05
1609	1.62613e-05
1610	1.62187e-05
1611	1.61762e-05
1612	1.61338e-05
1613	1.60916e-05
1614	1.60495e-05
1615	1.60075e-05
1616	1.59656e-05
1617	1.59239e-05
1618	1.58823e-05
1619	1.58408e-05
1620	1.57994e-05
1621	1.57582e-05
1622	1.57171e-05
1623	1.56752e-05
1624	1.56361e-05
1625	1.55948e-05
1626	1.55537e-05
1627	1.55131e-05
1628	1.54732e-05
1629	1.54333e-05
1630	1.53927e-05
1631	1.53526e-05
1632	1.53128e-05
1633	1.52732e-05
1634	1.52335e-05
1635	1.51939e-05
1636	1.51545e-05
1637	1.51146e-05
1638	1.50769e-05
1639	1.50373e-05
1640	1.4998e-05
1641	1.49594e-05
1642	1.49207e-05
1643	1.48821e-05
1644	1.48437e-05
1645	1.48052e-05
1646	1.4767e-05
1647	1.47286e-05
1648	1.46911e-05
1649	1.46533e-05
1650	1.46151e-05
1651	1.45775e-05
1652	1.454e-05
1653	1.45026e-05
1654	1.44653e-05
1655	1.4428e-05
1656	1.43909e-05
1657	1.4354e-05
1658	1.4317e-05
1659	1.42802e-05
1660	1.42436e-05
1661	1.42071e-05
1662	1.41706e-05
1663	1.41343e-05
1664	1.40981e-05
1665	1.40616e-05
1666	1.40264e-05
1667	1.399e-05
1668	1.39542e-05
1669	1.39186e-05
1670	1.38829e-05
1671	1.38475e-05
1672	1.38121e-05
1673	1.37768e-05
1674	1.37417e-05
1675	1.37066e-05
1676	1.36717e-05
1677	1.36368e-05
1678	1.36021e-05
1679	1.35675e-05
1680	1.3533e-05
1681	1.34985e-05
1682	1.34642e-05
1683	1.343e-05
1684	1.33959e-05
1685	1.33619e-05
1686	1.3328e-05
1687	1.32942e-05
1688	1.32605e-05
1689	1.32269e-05
1690	1.31934e-05
1691	1.316e-05
1692	1.31267e-05
1693	1.30935e-05
1694	1.30604e-05
1695	1.30274e-05
1696	1.29945e-05
1697	1.29617e-05
1698	1.2929e-05
1699	1.28964e-05
1700	1.28639e-05
1701	1.28314e-05
1702	1.27991e-05
1703	1.27669e-05
1704	1.27348e-05
1705	1.27028e-05
1706	1.26708e-05
1707	1.2639e-05
1708	1.26073e-05
1709	1.25756e-05
1710	1.25441e-05
1711	1.25126e-05
1712	1.24812e-05
1713	1.245e-05
1714	1.24188e-05
1715	1.23877e-05
1716	1.23567e-05
1717	1.23258e-05
1718	1.2295e-05
1719	1.22643e-05
1720	1.22337e-05
1721	1.22032e-05
1722	1.21728e-05
1723	1.21424e-05
1724	1.21122e-05
1725	1.2082e-05
1726	1.2052e-05
1727	1.2022e-05
1728	1.19921e-05
1729	1.19623e-05
1730	1.19326e-05
1731	1.1903e-05
1732	1.18734e-05
1733	1.1844e-05
1734	1.18146e-05
1735	1.17853e-05
1736	1.17562e-05
1737	1.1727e-05
1738	1.1698e-05
1739	1.16691e-05
1740	1.16403e-05
1741	1.16115e-05
1742	1.15829e-05
1743	1.15543e-05
1744	1.15258e-05
1745	1.14974e-05
1746	1.14691e-05
1747	1.14409e-05
1748	1.14127e-05
1749	1.13846e-05
1750	1.13567e-05
1751	1.13288e-05
1752	1.13009e-05
1753	1.12732e-05
1754	1.12455e-05
1755	1.1218e-05
1756	1.11905e-05
1757	1.11631e-05
1758	1.11357e-05
1759	1.11085e-05
1760	1.10813e-05
1761	1.10543e-05
1762	1.10273e-05
1763	1.10003e-05
1764	1.09735e-05
1765	1.09467e-05
1766	1.09201e-05
1767	1.08935e-05
1768	1.0867e-05
1769	1.08405e-05
1770	1.08142e-05
1771	1.07885e-05
1772	1.07613e-05
1773	1.07357e-05
1774	1.07095e-05
1775	1.06837e-05
1776	1.06575e-05
1777	1.06317e-05
1778	1.06061e-05
1779	1.05804e-05
1780	1.05548e-05
1781	1.05293e-05
1782	1.05039e-05
1783	1.04786e-05
1784	1.04533e-05
1785	1.0428e-05
1786	1.04029e-05
1787	1.03779e-05
1788	1.03529e-05
1789	1.0328e-05
1790	1.03032e-05
1791	1.02784e-05
1792	1.02538e-05
1793	1.02292e-05
1794	1.02046e-05
1795	1.01801e-05
1796	1.01557e-05
1797	1.01314e-05
1798	1.01072e-05
1799	1.0083e-05
1800	1.00589e-05
1801	1.00349e-05
1802	1.00109e-05
1803	9.98705e-06
1804	9.96324e-06
1805	9.93951e-06
1806	9.91585e-06
1807	9.89225e-06
1808	9.86872e-06
1809	9.84526e-06
1810	9.82187e-06
1811	9.79855e-06
1812	9.77529e-06
1813	9.7521e-06
1814	9.72899e-06
1815	9.70595e-06
1816	9.68298e-06
1817	9.66008e-06
1818	9.63724e-06
1819	9.61446e-06
1820	9.59174e-06
1821	9.56912e-06
1822	9.54654e-06
1823	9.52404e-06
1824	9.50161e-06
1825	9.47925e-06
1826	9.45696e-06
1827	9.43474e-06
1828	9.41258e-06
1829	9.39049e-06
1830	9.36845e-06
1831	9.34648e-06
1832	9.32458e-06
1833	9.30274e-06
1834	9.28096e-06
1835	9.25925e-06
1836	9.2376e-06
1837	9.21602e-06
1838	9.19448e-06
1839	9.17303e-06
1840	9.15165e-06
1841	9.13031e-06
1842	9.10907e-06
1843	9.08787e-06
1844	9.06675e-06
1845	9.04569e-06
1846	9.02468e-06
1847	9.00374e-06
1848	8.98286e-06
1849	8.96204e-06
1850	8.94128e-06
1851	8.92057e-06
1852	8.89994e-06
1853	8.87936e-06
1854	8.85885e-06
1855	8.83839e-06
1856	8.81794e-06
1857	8.79775e-06
1858	8.77738e-06
1859	8.75718e-06
1860	8.73705e-06
1861	8.71694e-06
1862	8.69693e-06
1863	8.67696e-06
1864	8.65704e-06
1865	8.6372e-06
1866	8.6174e-06
1867	8.59766e-06
1868	8.57798e-06
1869	8.55836e-06
1870	8.5388e-06
1871	8.51929e-06
1872	8.49984e-06
1873	8.48045e-06
1874	8.46111e-06
1875	8.44184e-06
1876	8.42244e-06
1877	8.40339e-06
1878	8.38459e-06
1879	8.36545e-06
1880	8.34625e-06
1881	8.32737e-06
1882	8.30855e-06
1883	8.28975e-06
1884	8.27095e-06
1885	8.25221e-06
1886	8.23359e-06
1887	8.21499e-06
1888	8.19618e-06
1889	8.17811e-06
1890	8.15966e-06
1891	8.14106e-06
1892	8.12277e-06
1893	8.1045e-06
1894	8.0863e-06
1895	8.06814e-06
1896	8.04999e-06
1897	8.03195e-06
1898	8.01398e-06
1899	7.99601e-06
1900	7.97838e-06
1901	7.96013e-06
1902	7.9426e-06
1903	7.92492e-06
1904	7.90702e-06
1905	7.88943e-06
1906	7.87185e-06
1907	7.85433e-06
1908	7.83686e-06
1909	7.81939e-06
1910	7.80202e-06
1911	7.78472e-06
1912	7.76743e-06
1913	7.7502e-06
1914	7.73304e-06
1915	7.71603e-06
1916	7.69867e-06
1917	7.68189e-06
1918	7.66498e-06
1919	7.64787e-06
1920	7.63104e-06
1921	7.61423e-06
1922	7.59748e-06
1923	7.58077e-06
1924	7.56406e-06
1925	7.54743e-06
1926	7.53088e-06
1927	7.51434e-06
1928	7.49786e-06
1929	7.48143e-06
1930	7.46506e-06
1931	7.44872e-06
1932	7.43244e-06
1933	7.41621e-06
1934	7.40002e-06
1935	7.38388e-06
1936	7.36779e-06
1937	7.35174e-06
1938	7.33574e-06
1939	7.31979e-06
1940	7.30388e-06
1941	7.28802e-06
1942	7.2722e-06
1943	7.25644e-06
1944	7.24072e-06
1945	7.22504e-06
1946	7.20942e-06
1947	7.19384e-06
1948	7.1783e-06
1949	7.16282e-06
1950	7.14738e-06
1951	7.13198e-06
1952	7.11663e-06
1953	7.10132e-06
1954	7.08606e-06
1955	7.07085e-06
1956	7.05568e-06
1957	7.04055e-06
1958	7.02546e-06
1959	7.01042e-06
1960	6.99543e-06
1961	6.98047e-06
1962	6.96556e-06
1963	6.9507e-06
1964	6.93587e-06
1965	6.92109e-06
1966	6.90636e-06
1967	6.89168e-06
1968	6.87703e-06
1969	6.86242e-06
1970	6.84785e-06
1971	6.83332e-06
1972	6.81885e-06
1973	6.80441e-06
1974	6.79001e-06
1975	6.77565e-06
1976	6.76134e-06
1977	6.74707e-06
1978	6.73284e-06
1979	6.71865e-06
1980	6.70451e-06
1981	6.69041e-06
1982	6.67635e-06
1983	6.66233e-06
1984	6.64834e-06
1985	6.63441e-06
1986	6.62051e-06
1987	6.60665e-06
1988	6.59283e-06
1989	6.57905e-06
1990	6.5653e-06
1991	6.5516e-06
1992	6.53793e-06
1993	6.52431e-06
1994	6.51072e-06
1995	6.49717e-06
1996	6.48367e-06
1997	6.47021e-06
1998	6.45679e-06
1999	6.4434e-06
2000	6.43006e-06
2001	6.41675e-06
2002	6.40349e-06
2003	6.39025e-06
2004	6.37706e-06
2005	6.3639e-06
2006	6.35079e-06
2007	6.3377e-06
2008	6.32466e-06
2009	6.31166e-06
2010	6.29869e-06
2011	6.28575e-06
2012	6.27286e-06
2013	6.26e-06
2014	6.24719e-06
2015	6.23441e-06
2016	6.22167e-06
2017	6.20896e-06
2018	6.19629e-06
2019	6.1837e-06
2020	6.17101e-06
2021	6.15857e-06
2022	6.14599e-06
2023	6.13347e-06
2024	6.12093e-06
2025	6.10872e-06
2026	6.09626e-06
2027	6.08387e-06
2028	6.07158e-06
2029	6.05931e-06
2030	6.0471e-06
2031	6.03489e-06
2032	6.02271e-06
2033	6.01059e-06
2034	5.9985e-06
2035	5.98642e-06
2036	5.9744e-06
2037	5.96241e-06
2038	5.95045e-06
2039	5.93853e-06
2040	5.92664e-06
2041	5.91479e-06
2042	5.90297e-06
2043	5.89118e-06
2044	5.87942e-06
2045	5.8676e-06
2046	5.85609e-06
2047	5.84441e-06
2048	5.83272e-06
2049	5.82116e-06
2050	5.8096e-06
2051	5.79809e-06
2052	5.7866e-06
2053	5.77513e-06
2054	5.76371e-06
2055	5.75233e-06
2056	5.74096e-06
2057	5.72962e-06
2058	5.71833e-06
2059	5.70707e-06
2060	5.69584e-06
2061	5.68465e-06
2062	5.67348e-06
2063	5.66235e-06
2064	5.65125e-06
2065	5.64017e-06
2066	5.62913e-06
2067	5.61811e-06
2068	5.60713e-06
2069	5.59618e-06
2070	5.58526e-06
2071	5.57438e-06
2072	5.56353e-06
2073	5.5527e-06
2074	5.54192e-06
2075	5.53115e-06
2076	5.52042e-06
2077	5.50972e-06
2078	5.49904e-06
2079	5.4884e-06
2080	5.47779e-06
2081	5.4672e-06
2082	5.45665e-06
2083	5.44612e-06
2084	5.43563e-06
2085	5.42516e-06
2086	5.41472e-06
2087	5.40432e-06
2088	5.39393e-06
2089	5.38359e-06
2090	5.37327e-06
2091	5.36298e-06
2092	5.35272e-06
2093	5.34249e-06
2094	5.33229e-06
2095	5.32212e-06
2096	5.31197e-06
2097	5.30185e-06
2098	5.29177e-06
2099	5.28171e-06
2100	5.27168e-06
2101	5.26168e-06
2102	5.2517e-06
2103	5.24175e-06
2104	5.23183e-06
2105	5.22194e-06
2106	5.21208e-06
2107	5.20224e-06
2108	5.19244e-06
2109	5.18266e-06
2110	5.1729e-06
2111	5.16318e-06
2112	5.15348e-06
2113	5.14381e-06
2114	5.13416e-06
2115	5.12454e-06
2116	5.11494e-06
2117	5.10538e-06
2118	5.09584e-06
2119	5.08633e-06
2120	5.07685e-06
2121	5.06739e-06
2122	5.05795e-06
2123	5.04854e-06
2124	5.03916e-06
2125	5.0298e-06
2126	5.02047e-06
2127	5.01116e-06
2128	5.00188e-06
2129	4.99262e-06
2130	4.98339e-06
2131	4.97419e-06
2132	4.96501e-06
2133	4.95586e-06
2134	4.94673e-06
2135	4.93763e-06
2136	4.92855e-06
2137	4.9195e-06
2138	4.91047e-06
2139	4.90146e-06
2140	4.89248e-06
2141	4.88352e-06
2142	4.87459e-06
2143	4.86568e-06
2144	4.8568e-06
2145	4.84794e-06
2146	4.83911e-06
2147	4.83029e-06
2148	4.82151e-06
2149	4.81275e-06
2150	4.80402e-06
2151	4.7953e-06
2152	4.78661e-06
2153	4.77815e-06
2154	4.76917e-06
2155	4.76077e-06
2156	4.75211e-06
2157	4.74355e-06
2158	4.73497e-06
2159	4.7264e-06
2160	4.71794e-06
2161	4.70947e-06
2162	4.70098e-06
2163	4.69255e-06
2164	4.68416e-06
2165	4.67577e-06
2166	4.6674e-06
2167	4.65906e-06
2168	4.65075e-06
2169	4.64245e-06
2170	4.63418e-06
2171	4.62593e-06
2172	4.6177e-06
2173	4.60948e-06
2174	4.60129e-06
2175	4.59313e-06
2176	4.58499e-06
2177	4.57686e-06
2178	4.56876e-06
2179	4.56069e-06
2180	4.55263e-06
2181	4.54459e-06
2182	4.53658e-06
2183	4.52859e-06
2184	4.52062e-06
2185	4.51267e-06
2186	4.50475e-06
2187	4.49684e-06
2188	4.48895e-06
2189	4.48109e-06
2190	4.47324e-06
2191	4.46542e-06
2192	4.45761e-06
2193	4.44983e-06
2194	4.44207e-06
2195	4.43432e-06
2196	4.4266e-06
2197	4.4189e-06
2198	4.41122e-06
2199	4.40356e-06
2200	4.39591e-06
2201	4.38829e-06
2202	4.38069e-06
2203	4.37311e-06
2204	4.36555e-06
2205	4.35801e-06
2206	4.35049e-06
2207	4.34298e-06
2208	4.33551e-06
2209	4.32805e-06
2210	4.32061e-06
2211	4.31319e-06
2212	4.30579e-06
2213	4.2984e-06
2214	4.29104e-06
2215	4.2837e-06
2216	4.27637e-06
2217	4.26906e-06
2218	4.26177e-06
2219	4.2545e-06
2220	4.24725e-06
2221	4.24002e-06
2222	4.23281e-06
2223	4.22562e-06
2224	4.21845e-06
2225	4.21129e-06
2226	4.20415e-06
2227	4.19703e-06
2228	4.18993e-06
2229	4.18285e-06
2230	4.17579e-06
2231	4.16875e-06
2232	4.16172e-06
2233	4.15471e-06
2234	4.14772e-06
2235	4.14075e-06
2236	4.13379e-06
2237	4.12686e-06
2238	4.11994e-06
2239	4.11304e-06
2240	4.10616e-06
2241	4.09929e-06
2242	4.09244e-06
2243	4.08561e-06
2244	4.0788e-06
2245	4.072e-06
2246	4.06521e-06
2247	4.05845e-06
2248	4.0517e-06
2249	4.04498e-06
2250	4.03826e-06
2251	4.03157e-06
2252	4.0249e-06
2253	4.01824e-06
2254	4.0116e-06
2255	4.00497e-06
2256	3.99837e-06
2257	3.99178e-06
2258	3.9852e-06
2259	3.97865e-06
2260	3.9721e-06
2261	3.96558e-06
2262	3.95907e-06
2263	3.95257e-06
2264	3.94609e-06
2265	3.93963e-06
2266	3.93319e-06
2267	3.92676e-06
2268	3.92035e-06
2269	3.91395e-06
2270	3.90757e-06
2271	3.90121e-06
2272	3.89486e-06
2273	3.88853e-06
2274	3.88221e-06
2275	3.87591e-06
2276	3.86963e-06
2277	3.86336e-06
2278	3.85711e-06
2279	3.85087e-06
2280	3.84465e-06
2281	3.83844e-06
2282	3.83225e-06
2283	3.82607e-06
2284	3.81992e-06
2285	3.81377e-06
2286	3.80764e-06
2287	3.80153e-06
2288	3.79543e-06
2289	3.78935e-06
2290	3.78328e-06
2291	3.77722e-06
2292	3.77118e-06
2293	3.76515e-06
2294	3.75915e-06
2295	3.75315e-06
2296	3.74717e-06
2297	3.74121e-06
2298	3.73526e-06
2299	3.72932e-06
2300	3.7234e-06
2301	3.71749e-06
2302	3.7116e-06
2303	3.70573e-06
2304	3.69986e-06
2305	3.69401e-06
2306	3.68818e-06
2307	3.68236e-06
2308	3.67655e-06
2309	3.67075e-06
2310	3.66497e-06
2311	3.65921e-06
2312	3.65345e-06
2313	3.64772e-06
2314	3.64199e-06
2315	3.63628e-06
2316	3.63059e-06
2317	3.62491e-06
2318	3.61924e-06
2319	3.61358e-06
2320	3.60794e-06
2321	3.60231e-06
2322	3.5967e-06
2323	3.5911e-06
2324	3.58551e-06
2325	3.57994e-06
2326	3.57437e-06
2327	3.56882e-06
2328	3.56329e-06
2329	3.55777e-06
2330	3.55226e-06
2331	3.54676e-06
2332	3.54128e-06
2333	3.53581e-06
2334	3.53036e-06
2335	3.52491e-06
2336	3.51948e-06
2337	3.51407e-06
2338	3.50867e-06
2339	3.50328e-06
2340	3.4979e-06
2341	3.49254e-06
2342	3.48719e-06
2343	3.48185e-06
2344	3.47653e-06
2345	3.47122e-06
2346	3.46592e-06
2347	3.46083e-06
2348	3.45525e-06
2349	3.45021e-06
2350	3.44482e-06
2351	3.43961e-06
2352	3.43441e-06
2353	3.42914e-06
2354	3.42395e-06
2355	3.41877e-06
2356	3.41358e-06
2357	3.40841e-06
2358	3.40326e-06
2359	3.39812e-06
2360	3.39298e-06
2361	3.38787e-06
2362	3.38276e-06
2363	3.37766e-06
2364	3.37258e-06
2365	3.36751e-06
2366	3.36245e-06
2367	3.3574e-06
2368	3.35236e-06
2369	3.34732e-06
2370	3.34233e-06
2371	3.33733e-06
2372	3.33232e-06
2373	3.32735e-06
2374	3.32238e-06
2375	3.31742e-06
2376	3.31248e-06
2377	3.30754e-06
2378	3.30262e-06
2379	3.29772e-06
2380	3.29282e-06
2381	3.28793e-06
2382	3.28305e-06
2383	3.27818e-06
2384	3.27333e-06
2385	3.26849e-06
2386	3.26366e-06
2387	3.25884e-06
2388	3.25403e-06
2389	3.24923e-06
2390	3.2444e-06
2391	3.23969e-06
2392	3.23492e-06
2393	3.23013e-06
2394	3.22539e-06
2395	3.22066e-06
2396	3.21594e-06
2397	3.21123e-06
2398	3.20651e-06
2399	3.20182e-06
2400	3.19714e-06
2401	3.19247e-06
2402	3.18781e-06
2403	3.18316e-06
2404	3.17883e-06
2405	3.17381e-06
2406	3.16935e-06
2407	3.16464e-06
2408	3.16008e-06
2409	3.1555e-06
2410	3.15088e-06
2411	3.14634e-06
2412	3.14178e-06
2413	3.13723e-06
2414	3.13269e-06
2415	3.12816e-06
2416	3.12365e-06
2417	3.11914e-06
2418	3.11464e-06
2419	3.11015e-06
2420	3.10567e-06
2421	3.1012e-06
2422	3.09674e-06
2423	3.09229e-06
2424	3.08786e-06
2425	3.08343e-06
2426	3.07901e-06
2427	3.0746e-06
2428	3.0702e-06
2429	3.06581e-06
2430	3.06143e-06
2431	3.05704e-06
2432	3.05272e-06
2433	3.04835e-06
2434	3.04403e-06
2435	3.03968e-06
2436	3.0353e-06
2437	3.03109e-06
2438	3.02674e-06
2439	3.02245e-06
2440	3.01816e-06
2441	3.01387e-06
2442	3.00963e-06
2443	3.00536e-06
2444	3.00111e-06
2445	2.99688e-06
2446	2.99265e-06
2447	2.98842e-06
2448	2.98421e-06
2449	2.98001e-06
2450	2.97582e-06
2451	2.97163e-06
2452	2.96746e-06
2453	2.96329e-06
2454	2.95913e-06
2455	2.95498e-06
2456	2.95084e-06
2457	2.94671e-06
2458	2.94258e-06
2459	2.93847e-06
2460	2.93436e-06
2461	2.93026e-06
2462	2.92618e-06
2463	2.92259e-06
2464	2.91801e-06
2465	2.91401e-06
2466	2.9099e-06
2467	2.90587e-06
2468	2.90185e-06
2469	2.89779e-06
2470	2.89379e-06
2471	2.88979e-06
2472	2.88578e-06
2473	2.88179e-06
2474	2.87781e-06
2475	2.87384e-06
2476	2.86987e-06
2477	2.86591e-06
2478	2.86196e-06
2479	2.85802e-06
2480	2.85408e-06
2481	2.85015e-06
2482	2.84623e-06
2483	2.84232e-06
2484	2.83842e-06
2485	2.83452e-06
2486	2.83064e-06
2487	2.82676e-06
2488	2.82289e-06
2489	2.81902e-06
2490	2.81517e-06
2491	2.81133e-06
2492	2.80749e-06
2493	2.80366e-06
2494	2.79984e-06
2495	2.79603e-06
2496	2.79222e-06
2497	2.78842e-06
2498	2.78463e-06
2499	2.78085e-06
2500	2.77707e-06
2501	2.7733e-06
2502	2.76954e-06
2503	2.76579e-06
2504	2.76205e-06
2505	2.75831e-06
2506	2.75458e-06
2507	2.75086e-06
2508	2.74715e-06
2509	2.74344e-06
2510	2.73974e-06
2511	2.73605e-06
2512	2.73237e-06
2513	2.72869e-06
2514	2.72503e-06
2515	2.72136e-06
2516	2.71771e-06
2517	2.71407e-06
2518	2.71043e-06
2519	2.70679e-06
2520	2.70317e-06
2521	2.69955e-06
2522	2.69597e-06
2523	2.69231e-06
2524	2.68877e-06
2525	2.68516e-06
2526	2.68158e-06
2527	2.678e-06
2528	2.67443e-06
2529	2.67088e-06
2530	2.66732e-06
2531	2.66377e-06
2532	2.66024e-06
2533	2.65671e-06
2534	2.65318e-06
2535	2.64966e-06
2536	2.64615e-06
2537	2.64265e-06
2538	2.63915e-06
2539	2.63566e-06
2540	2.63218e-06
2541	2.62871e-06
2542	2.62524e-06
2543	2.62178e-06
2544	2.61832e-06
2545	2.61488e-06
2546	2.61144e-06
2547	2.608e-06
2548	2.60458e-06
2549	2.60115e-06
2550	2.59774e-06
2551	2.59433e-06
2552	2.59093e-06
2553	2.58754e-06
2554	2.58415e-06
2555	2.58077e-06
2556	2.57739e-06
2557	2.57402e-06
2558	2.57066e-06
2559	2.56731e-06
2560	2.56396e-06
2561	2.56062e-06
2562	2.55729e-06
2563	2.55396e-06
2564	2.55064e-06
2565	2.54732e-06
2566	2.54401e-06
2567	2.54071e-06
2568	2.53741e-06
2569	2.53468e-06
2570	2.53084e-06
2571	2.52762e-06
2572	2.52418e-06
2573	2.52103e-06
2574	2.51783e-06
2575	2.51447e-06
2576	2.51125e-06
2577	2.50804e-06
2578	2.50479e-06
2579	2.50156e-06
2580	2.49834e-06
2581	2.49513e-06
2582	2.49192e-06
2583	2.48871e-06
2584	2.48552e-06
2585	2.48233e-06
2586	2.47914e-06
2587	2.47596e-06
2588	2.47279e-06
2589	2.46962e-06
2590	2.46646e-06
2591	2.46331e-06
2592	2.46016e-06
2593	2.45701e-06
2594	2.45388e-06
2595	2.45075e-06
2596	2.44762e-06
2597	2.4445e-06
2598	2.44139e-06
2599	2.43828e-06
2600	2.43518e-06
2601	2.43208e-06
2602	2.42899e-06
2603	2.42591e-06
2604	2.42283e-06
2605	2.41975e-06
2606	2.41669e-06
2607	2.41362e-06
2608	2.41057e-06
2609	2.40752e-06
2610	2.40447e-06
2611	2.40143e-06
2612	2.3984e-06
2613	2.39537e-06
2614	2.39235e-06
2615	2.38933e-06
2616	2.38632e-06
2617	2.38332e-06
2618	2.38032e-06
2619	2.37732e-06
2620	2.37434e-06
2621	2.37135e-06
2622	2.36837e-06
2623	2.3654e-06
2624	2.36243e-06
2625	2.35947e-06
2626	2.35651e-06
2627	2.35356e-06
2628	2.35062e-06
2629	2.34768e-06
2630	2.34474e-06
2631	2.34181e-06
2632	2.33889e-06
2633	2.33597e-06
2634	2.33306e-06
2635	2.33015e-06
2636	2.32725e-06
2637	2.32435e-06
2638	2.32145e-06
2639	2.31857e-06
2640	2.31569e-06
2641	2.31281e-06
2642	2.30994e-06
2643	2.30707e-06
2644	2.30421e-06
2645	2.30135e-06
2646	2.2985e-06
2647	2.29565e-06
2648	2.2928e-06
2649	2.28999e-06
2650	2.28715e-06
2651	2.28432e-06
2652	2.28152e-06
2653	2.27867e-06
2654	2.27589e-06
2655	2.27308e-06
2656	2.27027e-06
2657	2.26748e-06
2658	2.26468e-06
2659	2.2619e-06
2660	2.25912e-06
2661	2.25634e-06
2662	2.25357e-06
2663	2.25081e-06
2664	2.24804e-06
2665	2.24529e-06
2666	2.24254e-06
2667	2.23979e-06
2668	2.23705e-06
2669	2.23431e-06
2670	2.23158e-06
2671	2.22885e-06
2672	2.22613e-06
2673	2.22341e-06
2674	2.22069e-06
2675	2.21798e-06
2676	2.21528e-06
2677	2.21258e-06
2678	2.20989e-06
2679	2.2072e-06
2680	2.20451e-06
2681	2.20183e-06
2682	2.19916e-06
2683	2.19649e-06
2684	2.19382e-06
2685	2.19116e-06
2686	2.1885e-06
2687	2.18585e-06
2688	2.1832e-06
2689	2.18056e-06
2690	2.17791e-06
2691	2.17529e-06
2692	2.17266e-06
2693	2.17003e-06
2694	2.16741e-06
2695	2.16479e-06
2696	2.16217e-06
2697	2.15958e-06
2698	2.15697e-06
2699	2.15438e-06
2700	2.15178e-06
2701	2.14918e-06
2702	2.1466e-06
2703	2.14402e-06
2704	2.14144e-06
2705	2.13887e-06
2706	2.1363e-06
2707	2.13374e-06
2708	2.13118e-06
2709	2.12862e-06
2710	2.12607e-06
2711	2.12353e-06
2712	2.12099e-06
2713	2.11845e-06
2714	2.11592e-06
2715	2.11338e-06
2716	2.11086e-06
2717	2.10835e-06
2718	2.10583e-06
2719	2.10331e-06
2720	2.10081e-06
2721	2.0983e-06
2722	2.0958e-06
2723	2.09331e-06
2724	2.09082e-06
2725	2.08833e-06
2726	2.08585e-06
2727	2.08337e-06
2728	2.08089e-06
2729	2.07842e-06
2730	2.07596e-06
2731	2.07349e-06
2732	2.07103e-06
2733	2.06858e-06
2734	2.06613e-06
2735	2.06368e-06
2736	2.06124e-06
2737	2.0588e-06
2738	2.05637e-06
2739	2.05394e-06
2740	2.05151e-06
2741	2.04907e-06
2742	2.04669e-06
2743	2.04425e-06
2744	2.04185e-06
2745	2.03945e-06
2746	2.03703e-06
2747	2.03464e-06
2748	2.03225e-06
2749	2.02985e-06
2750	2.02747e-06
2751	2.02509e-06
2752	2.02271e-06
2753	2.02033e-06
2754	2.01796e-06
2755	2.01559e-06
2756	2.01323e-06
2757	2.01087e-06
2758	2.00851e-06
2759	2.00616e-06
2760	2.00381e-06
2761	2.00147e-06
2762	1.99958e-06
2763	1.99683e-06
2764	1.99475e-06
2765	1.99248e-06
2766	1.98991e-06
2767	1.98727e-06
2768	1.98504e-06
2769	1.98314e-06
2770	1.9805e-06
2771	1.97815e-06
2772	1.97596e-06
2773	1.97361e-06
2774	1.97135e-06
2775	1.96905e-06
2776	1.96672e-06
2777	1.96448e-06
2778	1.9622e-06
2779	1.9599e-06
2780	1.95763e-06
2781	1.95537e-06
2782	1.95309e-06
2783	1.95083e-06
2784	1.94857e-06
2785	1.94631e-06
2786	1.94406e-06
2787	1.94181e-06
2788	1.93957e-06
2789	1.93733e-06
2790	1.93509e-06
2791	1.93285e-06
2792	1.93062e-06
2793	1.92839e-06
2794	1.92617e-06
2795	1.92395e-06
2796	1.92173e-06
2797	1.91952e-06
2798	1.91731e-06
2799	1.9151e-06
2800	1.9129e-06
2801	1.9107e-06
2802	1.9085e-06
2803	1.90631e-06
2804	1.90412e-06
2805	1.90193e-06
2806	1.89975e-06
2807	1.8976e-06
2808	1.89539e-06
2809	1.89322e-06
2810	1.89105e-06
2811	1.88889e-06
2812	1.88672e-06
2813	1.88456e-06
2814	1.8824e-06
2815	1.88025e-06
2816	1.8781e-06
2817	1.87595e-06
2818	1.87381e-06
2819	1.87167e-06
2820	1.86954e-06
2821	1.8674e-06
2822	1.86528e-06
2823	1.86315e-06
2824	1.86103e-06
2825	1.85891e-06
2826	1.85679e-06
2827	1.85468e-06
2828	1.85257e-06
2829	1.85046e-06
2830	1.84836e-06
2831	1.84626e-06
2832	1.84416e-06
2833	1.84207e-06
2834	1.83998e-06
2835	1.83789e-06
2836	1.8358e-06
2837	1.83372e-06
2838	1.83165e-06
2839	1.82957e-06
2840	1.8275e-06
2841	1.82543e-06
2842	1.82337e-06
2843	1.82131e-06
2844	1.81925e-06
2845	1.81719e-06
2846	1.81513e-06
2847	1.81309e-06
2848	1.81104e-06
2849	1.809e-06
2850	1.80697e-06
2851	1.80492e-06
2852	1.80289e-06
2853	1.80087e-06
2854	1.79883e-06
2855	1.79681e-06
2856	1.79479e-06
2857	1.79277e-06
2858	1.79076e-06
2859	1.78875e-06
2860	1.78674e-06
2861	1.78473e-06
2862	1.78273e-06
2863	1.78073e-06
2864	1.77874e-06
2865	1.77674e-06
2866	1.77475e-06
2867	1.77277e-06
2868	1.77078e-06
2869	1.76881e-06
2870	1.76683e-06
2871	1.76485e-06
2872	1.76288e-06
2873	1.76092e-06
2874	1.75895e-06
2875	1.75699e-06
2876	1.75503e-06
2877	1.75308e-06
2878	1.75113e-06
2879	1.74918e-06
2880	1.74724e-06
2881	1.74529e-06
2882	1.74336e-06
2883	1.74142e-06
2884	1.73949e-06
2885	1.73756e-06
2886	1.73564e-06
2887	1.73371e-06
2888	1.7318e-06
2889	1.72988e-06
2890	1.72797e-06
2891	1.72606e-06
2892	1.72416e-06
2893	1.72226e-06
2894	1.72036e-06
2895	1.71846e-06
2896	1.71658e-06
2897	1.7147e-06
2898	1.71281e-06
2899	1.71094e-06
2900	1.70906e-06
2901	1.70719e-06
2902	1.70533e-06
2903	1.70347e-06
2904	1.70161e-06
2905	1.69976e-06
2906	1.69791e-06
2907	1.69607e-06
2908	1.69424e-06
2909	1.69241e-06
2910	1.69058e-06
2911	1.68876e-06
2912	1.68695e-06
2913	1.68515e-06
2914	1.68335e-06
2915	1.68155e-06
2916	1.67977e-06
2917	1.67799e-06
2918	1.67622e-06
2919	1.67447e-06
2920	1.67272e-06
2921	1.67099e-06
2922	1.66928e-06
2923	1.66751e-06
2924	1.66587e-06
2925	1.66409e-06
2926	1.65787e-06
2927	1.66016e-06
2928	1.65617e-06
2929	1.65317e-06
2930	1.65569e-06
2931	1.65e-06
2932	1.65062e-06
2933	1.64652e-06
2934	1.6469e-06
2935	1.64704e-06
2936	1.63952e-06
2937	1.64029e-06
2938	1.64063e-06
2939	1.6389e-06
2940	1.63254e-06
2941	1.62725e-06
2942	1.6288e-06
2943	1.63318e-06
2944	1.62945e-06
2945	1.625e-06
2946	1.61826e-06
2947	1.61955e-06
2948	1.61824e-06
2949	1.62082e-06
2950	1.6177e-06
2951	1.60895e-06
2952	1.61037e-06
2953	1.61238e-06
2954	1.60769e-06
2955	1.6055e-06
2956	1.60499e-06
2957	1.60323e-06
2958	1.60098e-06
2959	1.59954e-06
2960	1.5979e-06
2961	1.59607e-06
2962	1.59437e-06
2963	1.5927e-06
2964	1.59099e-06
2965	1.58926e-06
2966	1.58756e-06
2967	1.58586e-06
2968	1.58415e-06
2969	1.58244e-06
2970	1.58074e-06
2971	1.57904e-06
2972	1.57734e-06
2973	1.57564e-06
2974	1.57395e-06
2975	1.57225e-06
2976	1.57055e-06
2977	1.56886e-06
2978	1.56717e-06
2979	1.56548e-06
2980	1.56379e-06
2981	1.5621e-06
2982	1.56042e-06
2983	1.55874e-06
2984	1.55705e-06
2985	1.55537e-06
2986	1.5537e-06
2987	1.55202e-06
2988	1.55035e-06
2989	1.54867e-06
2990	1.547e-06
2991	1.54534e-06
2992	1.54367e-06
2993	1.542e-06
2994	1.54034e-06
2995	1.53868e-06
2996	1.53702e-06
2997	1.53536e-06
2998	1.53371e-06
2999	1.53206e-06
3000	1.5304e-06
3001	1.52875e-06
3002	1.52711e-06
3003	1.52546e-06
3004	1.52382e-06
3005	1.52218e-06
3006	1.52054e-06
3007	1.5189e-06
3008	1.51726e-06
3009	1.51563e-06
3010	1.514e-06
3011	1.51237e-06
3012	1.51074e-06
3013	1.50912e-06
3014	1.50749e-06
3015	1.50587e-06
3016	1.50425e-06
3017	1.50263e-06
3018	1.50102e-06
3019	1.4994e-06
3020	1.49779e-06
3021	1.49618e-06
3022	1.49457e-06
3023	1.49297e-06
3024	1.49137e-06
3025	1.48976e-06
3026	1.48816e-06
3027	1.48657e-06
3028	1.48497e-06
3029	1.48342e-06
3030	1.48181e-06
3031	1.4802e-06
3032	1.4786e-06
3033	1.47703e-06
3034	1.47543e-06
3035	1.47384e-06
3036	1.47228e-06
3037	1.4707e-06
3038	1.46912e-06
3039	1.46754e-06
3040	1.46597e-06
3041	1.46441e-06
3042	1.46284e-06
3043	1.46127e-06
3044	1.4597e-06
3045	1.45814e-06
3046	1.45658e-06
3047	1.45502e-06
3048	1.45347e-06
3049	1.45191e-06
3050	1.45036e-06
3051	1.44881e-06
3052	1.44726e-06
3053	1.44571e-06
3054	1.44417e-06
3055	1.44263e-06
3056	1.44112e-06
3057	1.43949e-06
3058	1.43804e-06
3059	1.43645e-06
3060	1.43495e-06
3061	1.43341e-06
3062	1.43187e-06
3063	1.43035e-06
3064	1.42883e-06
3065	1.4273e-06
3066	1.42578e-06
3067	1.42605e-06
3068	1.42198e-06
3069	1.42234e-06
3070	1.42139e-06
3071	1.41869e-06
3072	1.41749e-06
3073	1.41615e-06
3074	1.41463e-06
3075	1.41297e-06
3076	1.41149e-06
3077	1.41011e-06
3078	1.40851e-06
3079	1.40698e-06
3080	1.40554e-06
3081	1.40402e-06
3082	1.40252e-06
3083	1.40103e-06
3084	1.39953e-06
3085	1.39804e-06
3086	1.39655e-06
3087	1.39506e-06
3088	1.39357e-06
3089	1.39209e-06
3090	1.39061e-06
3091	1.38912e-06
3092	1.38765e-06
3093	1.38617e-06
3094	1.38469e-06
3095	1.38322e-06
3096	1.38175e-06
3097	1.38028e-06
3098	1.37881e-06
3099	1.37734e-06
3100	1.37588e-06
3101	1.37442e-06
3102	1.37296e-06
3103	1.3715e-06
3104	1.37004e-06
3105	1.36859e-06
3106	1.36713e-06
3107	1.36568e-06
3108	1.36423e-06
3109	1.3628e-06
3110	1.36135e-06
3111	1.35989e-06
3112	1.35845e-06
3113	1.35702e-06
3114	1.35558e-06
3115	1.35414e-06
3116	1.3527e-06
3117	1.35127e-06
3118	1.34984e-06
3119	1.34841e-06
3120	1.34698e-06
3121	1.34555e-06
3122	1.34413e-06
3123	1.34271e-06
3124	1.34129e-06
3125	1.33987e-06
3126	1.33845e-06
3127	1.33703e-06
3128	1.33562e-06
3129	1.33421e-06
3130	1.3328e-06
3131	1.33139e-06
3132	1.32998e-06
3133	1.32858e-06
3134	1.32718e-06
3135	1.32577e-06
3136	1.32437e-06
3137	1.32298e-06
3138	1.32158e-06
3139	1.32018e-06
3140	1.31879e-06
3141	1.3174e-06
3142	1.31601e-06
3143	1.31462e-06
3144	1.31324e-06
3145	1.31185e-06
3146	1.31047e-06
3147	1.30909e-06
3148	1.30771e-06
3149	1.30633e-06
3150	1.30495e-06
3151	1.30358e-06
3152	1.30221e-06
3153	1.30084e-06
3154	1.29947e-06
3155	1.2981e-06
3156	1.29673e-06
3157	1.29537e-06
3158	1.29401e-06
3159	1.29264e-06
3160	1.29128e-06
3161	1.28993e-06
3162	1.28857e-06
3163	1.28722e-06
3164	1.28586e-06
3165	1.28451e-06
3166	1.28316e-06
3167	1.28181e-06
3168	1.28047e-06
3169	1.27912e-06
3170	1.27778e-06
3171	1.27644e-06
3172	1.2751e-06
3173	1.27376e-06
3174	1.27242e-06
3175	1.27109e-06
3176	1.26975e-06
3177	1.26842e-06
3178	1.2671e-06
3179	1.26576e-06
3180	1.26443e-06
3181	1.26312e-06
3182	1.26178e-06
3183	1.26046e-06
3184	1.25915e-06
3185	1.25783e-06
3186	1.25651e-06
3187	1.25519e-06
3188	1.25388e-06
3189	1.25256e-06
3190	1.25125e-06
3191	1.24994e-06
3192	1.24863e-06
3193	1.24733e-06
3194	1.24602e-06
3195	1.24473e-06
3196	1.24343e-06
3197	1.24211e-06
3198	1.24081e-06
3199	1.23952e-06
3200	1.23823e-06
3201	1.23693e-06
3202	1.23564e-06
3203	1.23435e-06
3204	1.23306e-06
3205	1.23179e-06
3206	1.23049e-06
3207	1.22919e-06
3208	1.22791e-06
3209	1.22663e-06
3210	1.22535e-06
3211	1.22407e-06
3212	1.22279e-06
3213	1.22152e-06
3214	1.22024e-06
3215	1.21897e-06
3216	1.2177e-06
3217	1.21643e-06
3218	1.21516e-06
3219	1.21389e-06
3220	1.21263e-06
3221	1.21136e-06
3222	1.2101e-06
3223	1.20884e-06
3224	1.20758e-06
3225	1.20632e-06
3226	1.20506e-06
3227	1.20381e-06
3228	1.20256e-06
3229	1.2013e-06
3230	1.20005e-06
3231	1.1988e-06
3232	1.19756e-06
3233	1.19631e-06
3234	1.19506e-06
3235	1.19382e-06
3236	1.19258e-06
3237	1.19134e-06
3238	1.1901e-06
3239	1.18886e-06
3240	1.18763e-06
3241	1.18639e-06
3242	1.18516e-06
3243	1.18393e-06
3244	1.18269e-06
3245	1.18147e-06
3246	1.18024e-06
3247	1.17901e-06
3248	1.17779e-06
3249	1.17656e-06
3250	1.17534e-06
3251	1.17412e-06
3252	1.1729e-06
3253	1.17168e-06
3254	1.17047e-06
3255	1.16925e-06
3256	1.16804e-06
3257	1.16683e-06
3258	1.16562e-06
3259	1.16441e-06
3260	1.1632e-06
3261	1.16199e-06
3262	1.16079e-06
3263	1.15959e-06
3264	1.15838e-06
3265	1.15718e-06
3266	1.15598e-06
3267	1.15478e-06
3268	1.15359e-06
3269	1.15239e-06
3270	1.1512e-06
3271	1.15001e-06
3272	1.14882e-06
3273	1.14762e-06
3274	1.14643e-06
3275	1.14526e-06
3276	1.14406e-06
3277	1.14287e-06
3278	1.1417e-06
3279	1.14052e-06
3280	1.13933e-06
3281	1.13815e-06
3282	1.13698e-06
3283	1.1358e-06
3284	1.13463e-06
3285	1.13345e-06
3286	1.13228e-06
3287	1.13111e-06
3288	1.12994e-06
3289	1.12877e-06
3290	1.12761e-06
3291	1.12644e-06
3292	1.12527e-06
3293	1.12411e-06
3294	1.12295e-06
3295	1.12179e-06
3296	1.12063e-06
3297	1.11947e-06
3298	1.11832e-06
3299	1.11716e-06
3300	1.11601e-06
3301	1.11485e-06
3302	1.1137e-06
3303	1.11255e-06
3304	1.1114e-06
3305	1.11026e-06
3306	1.10911e-06
3307	1.10797e-06
3308	1.10682e-06
3309	1.10568e-06
3310	1.10454e-06
3311	1.1034e-06
3312	1.10226e-06
3313	1.10113e-06
3314	1.09999e-06
3315	1.09886e-06
3316	1.09772e-06
3317	1.09659e-06
3318	1.09546e-06
3319	1.09433e-06
3320	1.0932e-06
3321	1.09208e-06
3322	1.09095e-06
3323	1.08983e-06
3324	1.0887e-06
3325	1.08758e-06
3326	1.08646e-06
3327	1.08535e-06
3328	1.08422e-06
3329	1.08311e-06
3330	1.08199e-06
3331	1.08088e-06
3332	1.07976e-06
3333	1.07865e-06
3334	1.07754e-06
3335	1.07643e-06
3336	1.07533e-06
3337	1.07422e-06
3338	1.07311e-06
3339	1.07201e-06
3340	1.07091e-06
3341	1.06981e-06
3342	1.06871e-06
3343	1.06761e-06
3344	1.06651e-06
3345	1.06541e-06
3346	1.06432e-06
3347	1.06322e-06
3348	1.06213e-06
3349	1.06104e-06
3350	1.05995e-06
3351	1.05886e-06
3352	1.05777e-06
3353	1.05668e-06
3354	1.0556e-06
3355	1.05451e-06
3356	1.05343e-06
3357	1.05234e-06
3358	1.05126e-06
3359	1.05018e-06
3360	1.04911e-06
3361	1.04803e-06
3362	1.04695e-06
3363	1.04588e-06
3364	1.0448e-06
3365	1.04373e-06
3366	1.04266e-06
3367	1.04159e-06
3368	1.04052e-06
3369	1.03945e-06
3370	1.03839e-06
3371	1.03732e-06
3372	1.03626e-06
3373	1.03519e-06
3374	1.03413e-06
3375	1.03307e-06
3376	1.03201e-06
3377	1.03095e-06
3378	1.02989e-06
3379	1.02884e-06
3380	1.02778e-06
3381	1.02673e-06
3382	1.02568e-06
3383	1.02463e-06
3384	1.02357e-06
3385	1.02253e-06
3386	1.02148e-06
3387	1.02043e-06
3388	1.01938e-06
3389	1.01834e-06
3390	1.0173e-06
3391	1.01626e-06
3392	1.01522e-06
3393	1.01416e-06
3394	1.01315e-06
3395	1.01211e-06
3396	1.01105e-06
3397	1.01003e-06
3398	1.009e-06
3399	1.00796e-06
3400	1.00692e-06
3401	1.0059e-06
3402	1.00487e-06
3403	1.00384e-06
3404	1.00281e-06
3405	1.00178e-06
3406	1.00076e-06
3407	9.99735e-07
3408	9.98712e-07
3409	9.9769e-07
3410	9.9667e-07
3411	9.9565e-07
3412	9.94631e-07
3413	9.93614e-07
3414	9.92598e-07
3415	9.91583e-07
3416	9.90569e-07
3417	9.89556e-07
3418	9.88544e-07
3419	9.87533e-07
3420	9.86524e-07
3421	9.85515e-07
3422	9.84508e-07
3423	9.83502e-07
3424	9.82496e-07
3425	9.81492e-07
3426	9.80489e-07
3427	9.79487e-07
3428	9.78487e-07
3429	9.77487e-07
3430	9.76488e-07
3431	9.75491e-07
3432	9.74495e-07
3433	9.73499e-07
3434	9.72505e-07
3435	9.71512e-07
3436	9.7052e-07
3437	9.69529e-07
3438	9.68539e-07
3439	9.6755e-07
3440	9.66562e-07
3441	9.65575e-07
3442	9.64589e-07
3443	9.63605e-07
3444	9.62621e-07
3445	9.61639e-07
3446	9.60657e-07
3447	9.59677e-07
3448	9.58698e-07
3449	9.57719e-07
3450	9.56742e-07
3451	9.55766e-07
3452	9.54791e-07
3453	9.53817e-07
3454	9.52844e-07
3455	9.51872e-07
3456	9.50901e-07
3457	9.49932e-07
3458	9.48963e-07
3459	9.47995e-07
3460	9.47029e-07
3461	9.46063e-07
3462	9.45099e-07
3463	9.44135e-07
3464	9.43173e-07
3465	9.42212e-07
3466	9.41251e-07
3467	9.40292e-07
3468	9.39334e-07
3469	9.38377e-07
3470	9.3742e-07
3471	9.36465e-07
3472	9.35511e-07
3473	9.34558e-07
3474	9.33606e-07
3475	9.32655e-07
3476	9.31705e-07
3477	9.30756e-07
3478	9.29807e-07
3479	9.28861e-07
3480	9.27915e-07
3481	9.2697e-07
3482	9.26026e-07
3483	9.25083e-07
3484	9.24141e-07
3485	9.232e-07
3486	9.2226e-07
3487	9.21321e-07
3488	9.20383e-07
3489	9.19446e-07
3490	9.1851e-07
3491	9.17576e-07
3492	9.16642e-07
3493	9.15709e-07
3494	9.14777e-07
3495	9.13846e-07
3496	9.12916e-07
3497	9.11987e-07
3498	9.1106e-07
3499	9.10133e-07
3500	9.09207e-07
3501	9.08282e-07
3502	9.07359e-07
3503	9.06436e-07
3504	9.05514e-07
3505	9.04593e-07
3506	9.03673e-07
3507	9.02754e-07
3508	9.01837e-07
3509	9.0092e-07
3510	9.00004e-07
3511	8.99089e-07
3512	8.98175e-07
3513	8.97262e-07
3514	8.9635e-07
3515	8.95439e-07
3516	8.94529e-07
3517	8.93619e-07
3518	8.92711e-07
3519	8.91804e-07
3520	8.90898e-07
3521	8.89992e-07
3522	8.89091e-07
3523	8.88183e-07
3524	8.87281e-07
3525	8.86383e-07
3526	8.85481e-07
3527	8.8458e-07
3528	8.83682e-07
3529	8.82786e-07
3530	8.81888e-07
3531	8.80992e-07
3532	8.80098e-07
3533	8.79204e-07
3534	8.78311e-07
3535	8.77419e-07
3536	8.76528e-07
3537	8.75639e-07
3538	8.74749e-07
3539	8.73861e-07
3540	8.72974e-07
3541	8.72088e-07
3542	8.71203e-07
3543	8.70319e-07
3544	8.69435e-07
3545	8.68553e-07
3546	8.67672e-07
3547	8.66791e-07
3548	8.65912e-07
3549	8.65033e-07
3550	8.64156e-07
3551	8.63279e-07
3552	8.62403e-07
3553	8.61528e-07
3554	8.60654e-07
3555	8.59781e-07
3556	8.58909e-07
3557	8.58038e-07
3558	8.57168e-07
3559	8.56298e-07
3560	8.5543e-07
3561	8.54562e-07
3562	8.53696e-07
3563	8.5283e-07
3564	8.51965e-07
3565	8.51101e-07
3566	8.50238e-07
3567	8.49376e-07
3568	8.48515e-07
3569	8.47655e-07
3570	8.46796e-07
3571	8.45937e-07
3572	8.4508e-07
3573	8.44223e-07
3574	8.43367e-07
3575	8.42513e-07
3576	8.41659e-07
3577	8.40806e-07
3578	8.39954e-07
3579	8.39103e-07
3580	8.38252e-07
3581	8.37403e-07
3582	8.36554e-07
3583	8.35707e-07
3584	8.3486e-07
3585	8.34014e-07
3586	8.3317e-07
3587	8.32325e-07
3588	8.31482e-07
3589	8.3064e-07
3590	8.29799e-07
3591	8.28958e-07
3592	8.28119e-07
3593	8.2728e-07
3594	8.26443e-07
3595	8.25606e-07
3596	8.2477e-07
3597	8.23935e-07
3598	8.23101e-07
3599	8.22267e-07
3600	8.21435e-07
3601	8.20603e-07
3602	8.19773e-07
3603	8.18943e-07
3604	8.18114e-07
3605	8.17286e-07
3606	8.16459e-07
3607	8.15632e-07
3608	8.14807e-07
3609	8.13982e-07
3610	8.13158e-07
3611	8.12336e-07
3612	8.11513e-07
3613	8.10692e-07
3614	8.09872e-07
3615	8.09053e-07
3616	8.08234e-07
3617	8.07416e-07
3618	8.06599e-07
3619	8.05783e-07
3620	8.04968e-07
3621	8.04154e-07
3622	8.0334e-07
3623	8.02528e-07
3624	8.01716e-07
3625	8.00905e-07
3626	8.00095e-07
3627	7.99286e-07
3628	7.98477e-07
3629	7.9767e-07
3630	7.96863e-07
3631	7.96057e-07
3632	7.95253e-07
3633	7.94448e-07
3634	7.93645e-07
3635	7.92843e-07
3636	7.92041e-07
3637	7.9124e-07
3638	7.9044e-07
3639	7.89641e-07
3640	7.88843e-07
3641	7.88046e-07
3642	7.87249e-07
3643	7.86453e-07
3644	7.85659e-07
3645	7.84864e-07
3646	7.84071e-07
3647	7.83279e-07
3648	7.82487e-07
3649	7.81697e-07
3650	7.80907e-07
3651	7.80118e-07
3652	7.7933e-07
3653	7.78542e-07
3654	7.77756e-07
3655	7.7697e-07
3656	7.76185e-07
3657	7.75401e-07
3658	7.74618e-07
3659	7.739e-07
3660	7.73014e-07
3661	7.722e-07
3662	7.71553e-07
3663	7.70758e-07
3664	7.69858e-07
3665	7.69186e-07
3666	7.68444e-07
3667	7.67502e-07
3668	7.66806e-07
3669	7.66197e-07
3670	7.65325e-07
3671	7.64287e-07
3672	7.63808e-07
3673	7.63052e-07
3674	7.62139e-07
3675	7.61389e-07
3676	7.60659e-07
3677	7.59872e-07
3678	7.59203e-07
3679	7.58331e-07
3680	7.57575e-07
3681	7.56845e-07
3682	7.56054e-07
3683	7.55286e-07
3684	7.54548e-07
3685	7.53774e-07
3686	7.53008e-07
3687	7.52254e-07
3688	7.51495e-07
3689	7.50735e-07
3690	7.49976e-07
3691	7.4922e-07
3692	7.48466e-07
3693	7.47708e-07
3694	7.46955e-07
3695	7.46201e-07
3696	7.45448e-07
3697	7.44696e-07
3698	7.43945e-07
3699	7.43194e-07
3700	7.42445e-07
3701	7.41695e-07
3702	7.40947e-07
3703	7.40199e-07
3704	7.39453e-07
3705	7.38707e-07
3706	7.37962e-07
3707	7.37218e-07
3708	7.36474e-07
3709	7.35731e-07
3710	7.3499e-07
3711	7.34248e-07
3712	7.33508e-07
3713	7.32768e-07
3714	7.3203e-07
3715	7.31291e-07
3716	7.30554e-07
3717	7.29817e-07
3718	7.29082e-07
3719	7.28346e-07
3720	7.27612e-07
3721	7.26878e-07
3722	7.26146e-07
3723	7.25413e-07
3724	7.24682e-07
3725	7.23952e-07
3726	7.23222e-07
3727	7.22493e-07
3728	7.21765e-07
3729	7.21037e-07
3730	7.2031e-07
3731	7.19584e-07
3732	7.18859e-07
3733	7.18134e-07
3734	7.17411e-07
3735	7.16687e-07
3736	7.15965e-07
3737	7.15244e-07
3738	7.14523e-07
3739	7.13803e-07
3740	7.13084e-07
3741	7.12365e-07
3742	7.11647e-07
3743	7.1093e-07
3744	7.10214e-07
3745	7.09498e-07
3746	7.08783e-07
3747	7.08069e-07
3748	7.07356e-07
3749	7.06643e-07
3750	7.05931e-07
3751	7.0522e-07
3752	7.04509e-07
3753	7.038e-07
3754	7.03091e-07
3755	7.02382e-07
3756	7.01675e-07
3757	7.00968e-07
3758	7.00262e-07
3759	6.99556e-07
3760	6.98853e-07
3761	6.98148e-07
3762	6.97445e-07
3763	6.96743e-07
3764	6.96042e-07
3765	6.9534e-07
3766	6.94639e-07
3767	6.93941e-07
3768	6.93242e-07
3769	6.92543e-07
3770	6.91846e-07
3771	6.9115e-07
3772	6.90454e-07
3773	6.89758e-07
3774	6.89064e-07
3775	6.8837e-07
3776	6.87683e-07
3777	6.8699e-07
3778	6.86299e-07
3779	6.85564e-07
3780	6.84928e-07
3781	6.84234e-07
3782	6.83526e-07
3783	6.82842e-07
3784	6.82164e-07
3785	6.81471e-07
3786	6.80785e-07
3787	6.801e-07
3788	6.79418e-07
3789	6.78731e-07
3790	6.7805e-07
3791	6.77366e-07
3792	6.76686e-07
3793	6.76004e-07
3794	6.75325e-07
3795	6.74644e-07
3796	6.73966e-07
3797	6.73287e-07
3798	6.72611e-07
3799	6.71932e-07
3800	6.71258e-07
3801	6.70581e-07
3802	6.69907e-07
3803	6.69233e-07
3804	6.68561e-07
3805	6.67887e-07
3806	6.67216e-07
3807	6.66543e-07
3808	6.65874e-07
3809	6.65203e-07
3810	6.64535e-07
3811	6.63865e-07
3812	6.63199e-07
3813	6.6253e-07
3814	6.61865e-07
3815	6.61198e-07
3816	6.60535e-07
3817	6.59869e-07
3818	6.59206e-07
3819	6.58542e-07
3820	6.57881e-07
3821	6.57217e-07
3822	6.56559e-07
3823	6.55897e-07
3824	6.55238e-07
3825	6.54578e-07
3826	6.53921e-07
3827	6.53262e-07
3828	6.52606e-07
3829	6.51949e-07
3830	6.51295e-07
3831	6.50639e-07
3832	6.49985e-07
3833	6.49331e-07
3834	6.4868e-07
3835	6.48026e-07
3836	6.47375e-07
3837	6.46723e-07
3838	6.46075e-07
3839	6.45423e-07
3840	6.44775e-07
3841	6.44126e-07
3842	6.4348e-07
3843	6.42831e-07
3844	6.42187e-07
3845	6.4154e-07
3846	6.40896e-07
3847	6.40251e-07
3848	6.39609e-07
3849	6.38964e-07
3850	6.38323e-07
3851	6.37681e-07
3852	6.37041e-07
3853	6.36399e-07
3854	6.35761e-07
3855	6.35121e-07
3856	6.34484e-07
3857	6.33845e-07
3858	6.33209e-07
3859	6.32572e-07
3860	6.31937e-07
3861	6.31301e-07
3862	6.30668e-07
3863	6.30033e-07
3864	6.29438e-07
3865	6.28768e-07
3866	6.28145e-07
3867	6.2751e-07
3868	6.26848e-07
3869	6.26254e-07
3870	6.25622e-07
3871	6.24982e-07
3872	6.24359e-07
3873	6.23779e-07
3874	6.23105e-07
3875	6.22492e-07
3876	6.21859e-07
3877	6.2119e-07
3878	6.20617e-07
3879	6.19993e-07
3880	6.1935e-07
3881	6.18734e-07
3882	6.18117e-07
3883	6.17492e-07
3884	6.16873e-07
3885	6.16252e-07
3886	6.15636e-07
3887	6.15015e-07
3888	6.14399e-07
3889	6.1378e-07
3890	6.13166e-07
3891	6.12548e-07
3892	6.11934e-07
3893	6.11318e-07
3894	6.10706e-07
3895	6.1009e-07
3896	6.09479e-07
3897	6.08866e-07
3898	6.08256e-07
3899	6.07643e-07
3900	6.07035e-07
3901	6.06424e-07
3902	6.05816e-07
3903	6.05206e-07
3904	6.046e-07
3905	6.03991e-07
3906	6.03387e-07
3907	6.02779e-07
3908	6.02175e-07
3909	6.01569e-07
3910	6.00967e-07
3911	6.00361e-07
3912	5.99761e-07
3913	5.99157e-07
3914	5.98556e-07
3915	5.97954e-07
3916	5.97356e-07
3917	5.96754e-07
3918	5.96156e-07
3919	5.95556e-07
3920	5.9496e-07
3921	5.94361e-07
3922	5.93766e-07
3923	5.93167e-07
3924	5.92575e-07
3925	5.91978e-07
3926	5.91385e-07
3927	5.9079e-07
3928	5.90199e-07
3929	5.89604e-07
3930	5.89015e-07
3931	5.88421e-07
3932	5.87832e-07
3933	5.87241e-07
3934	5.86653e-07
3935	5.86062e-07
3936	5.85477e-07
3937	5.84887e-07
3938	5.84301e-07
3939	5.83713e-07
3940	5.8313e-07
3941	5.82542e-07
3942	5.8196e-07
3943	5.81374e-07
3944	5.80792e-07
3945	5.80207e-07
3946	5.79627e-07
3947	5.79044e-07
3948	5.78465e-07
3949	5.77882e-07
3950	5.77304e-07
3951	5.76723e-07
3952	5.76147e-07
3953	5.75566e-07
3954	5.74991e-07
3955	5.74412e-07
3956	5.73838e-07
3957	5.7326e-07
3958	5.72687e-07
3959	5.7211e-07
3960	5.71539e-07
3961	5.70963e-07
3962	5.70392e-07
3963	5.69818e-07
3964	5.69249e-07
3965	5.68675e-07
3966	5.68107e-07
3967	5.67534e-07
3968	5.66968e-07
3969	5.66396e-07
3970	5.6583e-07
3971	5.65261e-07
3972	5.64696e-07
3973	5.64127e-07
3974	5.63564e-07
3975	5.62996e-07
3976	5.62433e-07
3977	5.61867e-07
3978	5.61306e-07
3979	5.6074e-07
3980	5.60181e-07
3981	5.59616e-07
3982	5.59057e-07
3983	5.58494e-07
3984	5.57937e-07
3985	5.57374e-07
3986	5.56818e-07
3987	5.56257e-07
3988	5.55701e-07
3989	5.55141e-07
3990	5.54588e-07
3991	5.54029e-07
3992	5.53475e-07
3993	5.52918e-07
3994	5.52367e-07
3995	5.5181e-07
3996	5.51258e-07
3997	5.50703e-07
3998	5.50154e-07
3999	5.496e-07
4000	5.49048e-07
4001	5.48498e-07
4002	5.47956e-07
4003	5.47393e-07
4004	5.46852e-07
4005	5.46303e-07
4006	5.45755e-07
4007	5.45205e-07
4008	5.44663e-07
4009	5.44113e-07
4010	5.4357e-07
4011	5.43023e-07
4012	5.42481e-07
4013	5.41934e-07
4014	5.41394e-07
4015	5.40848e-07
4016	5.40308e-07
4017	5.39764e-07
4018	5.39226e-07
4019	5.38683e-07
4020	5.38145e-07
4021	5.37603e-07
4022	5.37067e-07
4023	5.36525e-07
4024	5.3599e-07
4025	5.3545e-07
4026	5.34916e-07
4027	5.34377e-07
4028	5.33844e-07
4029	5.33306e-07
4030	5.32775e-07
4031	5.32238e-07
4032	5.31707e-07
4033	5.31171e-07
4034	5.30642e-07
4035	5.30107e-07
4036	5.29578e-07
4037	5.29045e-07
4038	5.28517e-07
4039	5.27985e-07
4040	5.27458e-07
4041	5.26927e-07
4042	5.26402e-07
4043	5.25871e-07
4044	5.25347e-07
4045	5.24817e-07
4046	5.24295e-07
4047	5.23766e-07
4048	5.23243e-07
4049	5.22717e-07
4050	5.22196e-07
4051	5.2167e-07
4052	5.2115e-07
4053	5.20625e-07
4054	5.20106e-07
4055	5.19582e-07
4056	5.19064e-07
4057	5.18541e-07
4058	5.18025e-07
4059	5.17503e-07
4060	5.16987e-07
4061	5.16466e-07
4062	5.15952e-07
4063	5.15432e-07
4064	5.14917e-07
4065	5.14399e-07
4066	5.13887e-07
4067	5.13369e-07
4068	5.12857e-07
4069	5.1234e-07
4070	5.1183e-07
4071	5.11315e-07
4072	5.10805e-07
4073	5.1029e-07
4074	5.09782e-07
4075	5.09269e-07
4076	5.08761e-07
4077	5.08248e-07
4078	5.07742e-07
4079	5.07231e-07
4080	5.06725e-07
4081	5.06215e-07
4082	5.05711e-07
4083	5.05201e-07
4084	5.04698e-07
4085	5.04189e-07
4086	5.03687e-07
4087	5.0318e-07
4088	5.02678e-07
4089	5.02172e-07
4090	5.01672e-07
4091	5.01167e-07
4092	5.00667e-07
4093	5.00163e-07
4094	4.99666e-07
4095	4.99156e-07
4096	4.98668e-07
4097	4.98163e-07
4098	4.97663e-07
4099	4.97163e-07
4100	4.96671e-07
4101	4.96168e-07
4102	4.95674e-07
4103	4.95176e-07
4104	4.94682e-07
4105	4.94184e-07
4106	4.93692e-07
4107	4.93195e-07
4108	4.92703e-07
4109	4.92207e-07
4110	4.91717e-07
4111	4.91222e-07
4112	4.90732e-07
4113	4.90238e-07
4114	4.8975e-07
4115	4.89257e-07
4116	4.88769e-07
4117	4.88277e-07
4118	4.87791e-07
4119	4.873e-07
4120	4.86814e-07
4121	4.86324e-07
4122	4.8584e-07
4123	4.85351e-07
4124	4.84867e-07
4125	4.84379e-07
4126	4.83897e-07
4127	4.83409e-07
4128	4.82928e-07
4129	4.82441e-07
4130	4.81961e-07
4131	4.81476e-07
4132	4.80996e-07
4133	4.80512e-07
4134	4.80034e-07
4135	4.7955e-07
4136	4.79072e-07
4137	4.7859e-07
4138	4.78114e-07
4139	4.77632e-07
4140	4.77157e-07
4141	4.76676e-07
4142	4.76202e-07
4143	4.75722e-07
4144	4.75248e-07
4145	4.7477e-07
4146	4.74298e-07
4147	4.74771e-07
4148	4.73559e-07
4149	4.7287e-07
4150	4.72401e-07
4151	4.71888e-07
4152	4.71425e-07
4153	4.70997e-07
4154	4.7055e-07
4155	4.70026e-07
4156	4.69551e-07
4157	4.69113e-07
4158	4.68624e-07
4159	4.68161e-07
4160	4.67691e-07
4161	4.67223e-07
4162	4.66756e-07
4163	4.66289e-07
4164	4.6582e-07
4165	4.65357e-07
4166	4.64887e-07
4167	4.64426e-07
4168	4.63957e-07
4169	4.63496e-07
4170	4.63029e-07
4171	4.62569e-07
4172	4.62103e-07
4173	4.61643e-07
4174	4.61178e-07
4175	4.60719e-07
4176	4.60255e-07
4177	4.59798e-07
4178	4.59335e-07
4179	4.58877e-07
4180	4.58415e-07
4181	4.5796e-07
4182	4.57499e-07
4183	4.57043e-07
4184	4.56583e-07
4185	4.5613e-07
4186	4.5567e-07
4187	4.55217e-07
4188	4.54758e-07
4189	4.54306e-07
4190	4.53848e-07
4191	4.53397e-07
4192	4.52941e-07
4193	4.5249e-07
4194	4.52034e-07
4195	4.51585e-07
4196	4.51131e-07
4197	4.50682e-07
4198	4.50228e-07
4199	4.49781e-07
4200	4.49328e-07
4201	4.48881e-07
4202	4.48429e-07
4203	4.47983e-07
4204	4.47532e-07
4205	4.47087e-07
4206	4.46637e-07
4207	4.46193e-07
4208	4.45743e-07
4209	4.453e-07
4210	4.44852e-07
4211	4.44409e-07
4212	4.43962e-07
4213	4.43521e-07
4214	4.43074e-07
4215	4.42633e-07
4216	4.42188e-07
4217	4.41749e-07
4218	4.41304e-07
4219	4.40865e-07
4220	4.40421e-07
4221	4.39984e-07
4222	4.3954e-07
4223	4.39103e-07
4224	4.38661e-07
4225	4.38225e-07
4226	4.37784e-07
4227	4.37349e-07
4228	4.36908e-07
4229	4.36474e-07
4230	4.36035e-07
4231	4.35601e-07
4232	4.35162e-07
4233	4.3473e-07
4234	4.34292e-07
4235	4.33861e-07
4236	4.33424e-07
4237	4.32993e-07
4238	4.32557e-07
4239	4.32127e-07
4240	4.31692e-07
4241	4.31263e-07
4242	4.30829e-07
4243	4.304e-07
4244	4.29967e-07
4245	4.2954e-07
4246	4.29107e-07
4247	4.28681e-07
4248	4.28249e-07
4249	4.27824e-07
4250	4.27393e-07
4251	4.26968e-07
4252	4.26539e-07
4253	4.26115e-07
4254	4.25685e-07
4255	4.25263e-07
4256	4.24834e-07
4257	4.24412e-07
4258	4.23985e-07
4259	4.23564e-07
4260	4.23137e-07
4261	4.22716e-07
4262	4.22291e-07
4263	4.21872e-07
4264	4.21446e-07
4265	4.21028e-07
4266	4.20604e-07
4267	4.20186e-07
4268	4.19763e-07
4269	4.19346e-07
4270	4.18923e-07
4271	4.18507e-07
4272	4.18086e-07
4273	4.17671e-07
4274	4.1725e-07
4275	4.16835e-07
4276	4.16416e-07
4277	4.16002e-07
4278	4.15582e-07
4279	4.15171e-07
4280	4.14752e-07
4281	4.1434e-07
4282	4.13923e-07
4283	4.13512e-07
4284	4.13095e-07
4285	4.12685e-07
4286	4.1227e-07
4287	4.1186e-07
4288	4.11445e-07
4289	4.11036e-07
4290	4.10623e-07
4291	4.10215e-07
4292	4.09802e-07
4293	4.09395e-07
4294	4.08982e-07
4295	4.08577e-07
4296	4.08164e-07
4297	4.0776e-07
4298	4.07349e-07
4299	4.06944e-07
4300	4.06534e-07
4301	4.06131e-07
4302	4.05722e-07
4303	4.05319e-07
4304	4.04911e-07
4305	4.04509e-07
4306	4.04101e-07
4307	4.037e-07
4308	4.03293e-07
4309	4.02893e-07
4310	4.02487e-07
4311	4.02087e-07
4312	4.01682e-07
4313	4.01284e-07
4314	4.0088e-07
4315	4.00481e-07
4316	4.00078e-07
4317	3.99681e-07
4318	3.99278e-07
4319	3.98882e-07
4320	3.9848e-07
4321	3.98085e-07
4322	3.97684e-07
4323	3.97289e-07
4324	3.96889e-07
4325	3.96495e-07
4326	3.96095e-07
4327	3.95702e-07
4328	3.95303e-07
4329	3.94911e-07
4330	3.94514e-07
4331	3.94122e-07
4332	3.93725e-07
4333	3.93334e-07
4334	3.92938e-07
4335	3.92548e-07
4336	3.92153e-07
4337	3.91763e-07
4338	3.91369e-07
4339	3.9098e-07
4340	3.90587e-07
4341	3.90199e-07
4342	3.89806e-07
4343	3.89419e-07
4344	3.89027e-07
4345	3.88641e-07
4346	3.88249e-07
4347	3.87864e-07
4348	3.87473e-07
4349	3.87089e-07
4350	3.86699e-07
4351	3.86315e-07
4352	3.85926e-07
4353	3.85543e-07
4354	3.85155e-07
4355	3.84772e-07
4356	3.84385e-07
4357	3.84004e-07
4358	3.83617e-07
4359	3.83236e-07
4360	3.8285e-07
4361	3.82471e-07
4362	3.82085e-07
4363	3.81706e-07
4364	3.81321e-07
4365	3.80943e-07
4366	3.8056e-07
4367	3.80181e-07
4368	3.79799e-07
4369	3.79423e-07
4370	3.7904e-07
4371	3.78664e-07
4372	3.78283e-07
4373	3.77907e-07
4374	3.77526e-07
4375	3.77152e-07
4376	3.76772e-07
4377	3.76398e-07
4378	3.76019e-07
4379	3.75647e-07
4380	3.75268e-07
4381	3.74896e-07
4382	3.74518e-07
4383	3.74146e-07
4384	3.73769e-07
4385	3.73399e-07
4386	3.73023e-07
4387	3.72652e-07
4388	3.72277e-07
4389	3.71908e-07
4390	3.71533e-07
4391	3.71165e-07
4392	3.70791e-07
4393	3.70423e-07
4394	3.70049e-07
4395	3.69683e-07
4396	3.69311e-07
4397	3.68944e-07
4398	3.68572e-07
4399	3.68208e-07
4400	3.67836e-07
4401	3.67471e-07
4402	3.671e-07
4403	3.66738e-07
4404	3.66368e-07
4405	3.66004e-07
4406	3.65635e-07
4407	3.65273e-07
4408	3.64905e-07
4409	3.64543e-07
4410	3.64176e-07
4411	3.63815e-07
4412	3.63448e-07
4413	3.63088e-07
4414	3.62722e-07
4415	3.62362e-07
4416	3.61997e-07
4417	3.61639e-07
4418	3.61274e-07
4419	3.60915e-07
4420	3.60552e-07
4421	3.60195e-07
4422	3.59832e-07
4423	3.59475e-07
4424	3.59113e-07
4425	3.58757e-07
4426	3.58395e-07
4427	3.5804e-07
4428	3.57679e-07
4429	3.57324e-07
4430	3.56964e-07
4431	3.56611e-07
4432	3.56251e-07
4433	3.55898e-07
4434	3.5554e-07
4435	3.55187e-07
4436	3.54829e-07
4437	3.54478e-07
4438	3.5412e-07
4439	3.53769e-07
4440	3.53413e-07
4441	3.53063e-07
4442	3.52707e-07
4443	3.52357e-07
4444	3.52002e-07
4445	3.51653e-07
4446	3.51299e-07
4447	3.50951e-07
4448	3.50597e-07
4449	3.50249e-07
4450	3.49897e-07
4451	3.4955e-07
4452	3.49197e-07
4453	3.48852e-07
4454	3.485e-07
4455	3.48154e-07
4456	3.47803e-07
4457	3.4746e-07
4458	3.47109e-07
4459	3.46765e-07
4460	3.46415e-07
4461	3.46072e-07
4462	3.45724e-07
4463	3.4538e-07
4464	3.45033e-07
4465	3.44692e-07
4466	3.44344e-07
4467	3.44002e-07
4468	3.43656e-07
4469	3.43315e-07
4470	3.42969e-07
4471	3.42629e-07
4472	3.42284e-07
4473	3.41945e-07
4474	3.416e-07
4475	3.41261e-07
4476	3.40917e-07
4477	3.40581e-07
4478	3.40237e-07
4479	3.39899e-07
4480	3.39557e-07
4481	3.39221e-07
4482	3.38879e-07
4483	3.38543e-07
4484	3.38202e-07
4485	3.37867e-07
4486	3.37527e-07
4487	3.37191e-07
4488	3.36851e-07
4489	3.36519e-07
4490	3.3618e-07
4491	3.35845e-07
4492	3.35508e-07
4493	3.35176e-07
4494	3.34837e-07
4495	3.34506e-07
4496	3.34169e-07
4497	3.33837e-07
4498	3.33501e-07
4499	3.33171e-07
4500	3.32835e-07
4501	3.32505e-07
4502	3.3217e-07
4503	3.31841e-07
4504	3.31506e-07
4505	3.31179e-07
4506	3.30845e-07
4507	3.30516e-07
4508	3.30183e-07
4509	3.29858e-07
4510	3.29525e-07
4511	3.29197e-07
4512	3.28866e-07
4513	3.28541e-07
4514	3.28209e-07
4515	3.27884e-07
4516	3.27554e-07
4517	3.27229e-07
4518	3.26899e-07
4519	3.26576e-07
4520	3.26246e-07
4521	3.25923e-07
4522	3.25595e-07
4523	3.25273e-07
4524	3.24945e-07
4525	3.24622e-07
4526	3.24295e-07
4527	3.23975e-07
4528	3.23648e-07
4529	3.23327e-07
4530	3.23001e-07
4531	3.22682e-07
4532	3.22356e-07
4533	3.22037e-07
4534	3.21713e-07
4535	3.21394e-07
4536	3.2107e-07
4537	3.20752e-07
4538	3.20429e-07
4539	3.20111e-07
4540	3.19788e-07
4541	3.19473e-07
4542	3.1915e-07
4543	3.18834e-07
4544	3.18512e-07
4545	3.18198e-07
4546	3.17877e-07
4547	3.17561e-07
4548	3.17242e-07
4549	3.16928e-07
4550	3.16608e-07
4551	3.16295e-07
4552	3.15976e-07
4553	3.15663e-07
4554	3.15345e-07
4555	3.15033e-07
4556	3.14715e-07
4557	3.14403e-07
4558	3.14086e-07
4559	3.13776e-07
4560	3.13459e-07
4561	3.13149e-07
4562	3.12833e-07
4563	3.12523e-07
4564	3.12208e-07
4565	3.119e-07
4566	3.11585e-07
4567	3.11276e-07
4568	3.10963e-07
4569	3.10655e-07
4570	3.10341e-07
4571	3.10035e-07
4572	3.09723e-07
4573	3.09415e-07
4574	3.09103e-07
4575	3.08798e-07
4576	3.08487e-07
4577	3.0818e-07
4578	3.0787e-07
4579	3.07566e-07
4580	3.07255e-07
4581	3.06951e-07
4582	3.06642e-07
4583	3.06338e-07
4584	3.06029e-07
4585	3.05727e-07
4586	3.05419e-07
4587	3.05116e-07
4588	3.04808e-07
4589	3.04507e-07
4590	3.04199e-07
4591	3.03899e-07
4592	3.03593e-07
4593	3.03291e-07
4594	3.02986e-07
4595	3.02687e-07
4596	3.02382e-07
4597	3.02081e-07
4598	3.01777e-07
4599	3.0148e-07
4600	3.01175e-07
4601	3.00876e-07
4602	3.00573e-07
4603	3.00277e-07
4604	2.99974e-07
4605	2.99676e-07
4606	2.99374e-07
4607	2.99078e-07
4608	2.98777e-07
4609	2.98481e-07
4610	2.9818e-07
4611	2.97885e-07
4612	2.97584e-07
4613	2.9729e-07
4614	2.96991e-07
4615	2.96696e-07
4616	2.96397e-07
4617	2.96105e-07
4618	2.95806e-07
4619	2.95512e-07
4620	2.95215e-07
4621	2.94924e-07
4622	2.94626e-07
4623	2.94333e-07
4624	2.94037e-07
4625	2.93747e-07
4626	2.93451e-07
4627	2.93159e-07
4628	2.92864e-07
4629	2.92575e-07
4630	2.9228e-07
4631	2.9199e-07
4632	2.91696e-07
4633	2.91408e-07
4634	2.91114e-07
4635	2.90826e-07
4636	2.90533e-07
4637	2.90245e-07
4638	2.89952e-07
4639	2.89665e-07
4640	2.89373e-07
4641	2.89088e-07
4642	2.88796e-07
4643	2.8851e-07
4644	2.88219e-07
4645	2.87935e-07
4646	2.87644e-07
4647	2.87359e-07
4648	2.87069e-07
4649	2.86786e-07
4650	2.86497e-07
4651	2.86212e-07
4652	2.85924e-07
4653	2.85643e-07
4654	2.85354e-07
4655	2.85071e-07
4656	2.84784e-07
4657	2.84503e-07
4658	2.84216e-07
4659	2.83934e-07
4660	2.83648e-07
4661	2.83368e-07
4662	2.83082e-07
4663	2.82801e-07
4664	2.82517e-07
4665	2.82237e-07
4666	2.81952e-07
4667	2.81673e-07
4668	2.81389e-07
4669	2.81112e-07
4670	2.80828e-07
4671	2.80549e-07
4672	2.80267e-07
4673	2.79991e-07
4674	2.79708e-07
4675	2.7943e-07
4676	2.79149e-07
4677	2.78874e-07
4678	2.78592e-07
4679	2.78316e-07
4680	2.78036e-07
4681	2.77761e-07
4682	2.77481e-07
4683	2.77206e-07
4684	2.76927e-07
4685	2.76653e-07
4686	2.76374e-07
4687	2.76101e-07
4688	2.75822e-07
4689	2.75549e-07
4690	2.75272e-07
4691	2.74999e-07
4692	2.74722e-07
4693	2.7445e-07
4694	2.74174e-07
4695	2.73903e-07
4696	2.73626e-07
4697	2.73355e-07
4698	2.7308e-07
4699	2.7281e-07
4700	2.72535e-07
4701	2.72265e-07
4702	2.71991e-07
4703	2.71723e-07
4704	2.71448e-07
4705	2.71179e-07
4706	2.70906e-07
4707	2.70639e-07
4708	2.70366e-07
4709	2.70097e-07
4710	2.69825e-07
4711	2.6956e-07
4712	2.69287e-07
4713	2.6902e-07
4714	2.68749e-07
4715	2.68484e-07
4716	2.68213e-07
4717	2.67947e-07
4718	2.67678e-07
4719	2.67413e-07
4720	2.67143e-07
4721	2.66879e-07
4722	2.6661e-07
4723	2.66346e-07
4724	2.66077e-07
4725	2.65815e-07
4726	2.65547e-07
4727	2.65283e-07
4728	2.65016e-07
4729	2.64755e-07
4730	2.64488e-07
4731	2.64225e-07
4732	2.63959e-07
4733	2.63699e-07
4734	2.63433e-07
4735	2.63171e-07
4736	2.62907e-07
4737	2.62647e-07
4738	2.62382e-07
4739	2.62122e-07
4740	2.61858e-07
4741	2.616e-07
4742	2.61336e-07
4743	2.61077e-07
4744	2.60814e-07
4745	2.60557e-07
4746	2.60294e-07
4747	2.60035e-07
4748	2.59773e-07
4749	2.59517e-07
4750	2.59255e-07
4751	2.58998e-07
4752	2.58737e-07
4753	2.58482e-07
4754	2.58222e-07
4755	2.57965e-07
4756	2.57705e-07
4757	2.57452e-07
4758	2.57192e-07
4759	2.56937e-07
4760	2.56678e-07
4761	2.56425e-07
4762	2.56166e-07
4763	2.55912e-07
4764	2.55654e-07
4765	2.55402e-07
4766	2.55144e-07
4767	2.54891e-07
4768	2.54635e-07
4769	2.54384e-07
4770	2.54127e-07
4771	2.53875e-07
4772	2.53619e-07
4773	2.53369e-07
4774	2.53113e-07
4775	2.52863e-07
4776	2.52608e-07
4777	2.52358e-07
4778	2.52103e-07
4779	2.51855e-07
4780	2.51601e-07
4781	2.51351e-07
4782	2.51098e-07
4783	2.50851e-07
4784	2.50598e-07
4785	2.50349e-07
4786	2.50097e-07
4787	2.49851e-07
4788	2.49598e-07
4789	2.4935e-07
4790	2.491e-07
4791	2.48854e-07
4792	2.48603e-07
4793	2.48356e-07
4794	2.48106e-07
4795	2.47862e-07
4796	2.47611e-07
4797	2.47366e-07
4798	2.47117e-07
4799	2.46873e-07
4800	2.46624e-07
4801	2.46379e-07
4802	2.46132e-07
4803	2.45889e-07
4804	2.4564e-07
4805	2.45397e-07
4806	2.4515e-07
4807	2.44908e-07
4808	2.44661e-07
4809	2.44418e-07
4810	2.44172e-07
4811	2.43932e-07
4812	2.43685e-07
4813	2.43444e-07
4814	2.43198e-07
4815	2.42959e-07
4816	2.42714e-07
4817	2.42473e-07
4818	2.42229e-07
4819	2.4199e-07
4820	2.41746e-07
4821	2.41506e-07
4822	2.41263e-07
4823	2.41025e-07
4824	2.40782e-07
4825	2.40543e-07
4826	2.40301e-07
4827	2.40064e-07
4828	2.39822e-07
4829	2.39584e-07
4830	2.39343e-07
4831	2.39107e-07
4832	2.38865e-07
4833	2.38628e-07
4834	2.38388e-07
4835	2.38153e-07
4836	2.37913e-07
4837	2.37677e-07
4838	2.37438e-07
4839	2.37204e-07
4840	2.36965e-07
4841	2.36729e-07
4842	2.36491e-07
4843	2.36258e-07
4844	2.36019e-07
4845	2.35785e-07
4846	2.35548e-07
4847	2.35316e-07
4848	2.35078e-07
4849	2.34845e-07
4850	2.34609e-07
4851	2.34377e-07
4852	2.34141e-07
4853	2.33909e-07
4854	2.33673e-07
4855	2.33443e-07
4856	2.33207e-07
4857	2.32976e-07
4858	2.32741e-07
4859	2.32512e-07
4860	2.32277e-07
4861	2.32047e-07
4862	2.31813e-07
4863	2.31585e-07
4864	2.31351e-07
4865	2.31122e-07
4866	2.30889e-07
4867	2.30662e-07
4868	2.30429e-07
4869	2.302e-07
4870	2.29969e-07
4871	2.29742e-07
4872	2.2951e-07
4873	2.29283e-07
4874	2.29052e-07
4875	2.28826e-07
4876	2.28595e-07
4877	2.28369e-07
4878	2.28139e-07
4879	2.27913e-07
4880	2.27683e-07
4881	2.27459e-07
4882	2.27229e-07
4883	2.27004e-07
4884	2.26775e-07
4885	2.26552e-07
4886	2.26323e-07
4887	2.26099e-07
4888	2.25871e-07
4889	2.25649e-07
4890	2.25421e-07
4891	2.25197e-07
4892	2.2497e-07
4893	2.24749e-07
4894	2.24522e-07
4895	2.24299e-07
4896	2.24073e-07
4897	2.23853e-07
4898	2.23627e-07
4899	2.23405e-07
4900	2.2318e-07
4901	2.22961e-07
4902	2.22735e-07
4903	2.22514e-07
4904	2.2229e-07
4905	2.22071e-07
4906	2.21847e-07
4907	2.21627e-07
4908	2.21404e-07
4909	2.21186e-07
4910	2.20963e-07
4911	2.20744e-07
4912	2.20521e-07
4913	2.20304e-07
4914	2.20082e-07
4915	2.19863e-07
4916	2.19642e-07
4917	2.19426e-07
4918	2.19204e-07
4919	2.18987e-07
4920	2.18766e-07
4921	2.18551e-07
4922	2.1833e-07
4923	2.18114e-07
4924	2.17894e-07
4925	2.1768e-07
4926	2.1746e-07
4927	2.17244e-07
4928	2.17025e-07
4929	2.16812e-07
4930	2.16593e-07
4931	2.16378e-07
4932	2.1616e-07
4933	2.15947e-07
4934	2.15729e-07
4935	2.15515e-07
4936	2.15298e-07
4937	2.15086e-07
4938	2.14869e-07
4939	2.14656e-07
4940	2.1444e-07
4941	2.14229e-07
4942	2.14013e-07
4943	2.138e-07
4944	2.13585e-07
4945	2.13375e-07
4946	2.13159e-07
4947	2.12948e-07
4948	2.12734e-07
4949	2.12524e-07
4950	2.1231e-07
4951	2.12099e-07
4952	2.11886e-07
4953	2.11677e-07
4954	2.11463e-07
4955	2.11253e-07
4956	2.11041e-07
4957	2.10833e-07
4958	2.1062e-07
4959	2.10411e-07
4960	2.10199e-07
4961	2.09992e-07
4962	2.0978e-07
4963	2.09572e-07
4964	2.09361e-07
4965	2.09155e-07
4966	2.08944e-07
4967	2.08737e-07
4968	2.08527e-07
4969	2.08322e-07
4970	2.08111e-07
4971	2.07905e-07
4972	2.07696e-07
4973	2.07491e-07
4974	2.07282e-07
4975	2.07076e-07
4976	2.06868e-07
4977	2.06664e-07
4978	2.06455e-07
4979	2.0625e-07
4980	2.06043e-07
4981	2.0584e-07
4982	2.05632e-07
4983	2.05428e-07
4984	2.05221e-07
4985	2.0502e-07
4986	2.04813e-07
4987	2.04609e-07
4988	2.04403e-07
4989	2.04202e-07
4990	2.03996e-07
4991	2.03794e-07
4992	2.03589e-07
4993	2.03388e-07
4994	2.03183e-07
4995	2.02981e-07
4996	2.02778e-07
4997	2.02581e-07
4998	2.02387e-07
4999	2.02157e-07
5000	2.01975e-07
5001	2.01773e-07
5002	2.01559e-07
5003	2.01369e-07
5004	2.01166e-07
5005	2.00962e-07
5006	2.00764e-07
5007	2.00564e-07
5008	2.00362e-07
5009	2.00163e-07
5010	1.99962e-07
5011	1.99765e-07
5012	1.99563e-07
5013	1.99366e-07
5014	1.99165e-07
5015	1.98969e-07
5016	1.98768e-07
5017	1.98571e-07
5018	1.98371e-07
5019	1.98175e-07
5020	1.97975e-07
5021	1.9778e-07
5022	1.9758e-07
5023	1.97385e-07
5024	1.97185e-07
5025	1.96992e-07
5026	1.96793e-07
5027	1.96598e-07
5028	1.964e-07
5029	1.96207e-07
5030	1.96008e-07
5031	1.95814e-07
5032	1.95617e-07
5033	1.95424e-07
5034	1.95227e-07
5035	1.95033e-07
5036	1.94837e-07
5037	1.94645e-07
5038	1.94449e-07
5039	1.94256e-07
5040	1.9406e-07
5041	1.9387e-07
5042	1.93674e-07
5043	1.93482e-07
5044	1.93287e-07
5045	1.93097e-07
5046	1.92902e-07
5047	1.9271e-07
5048	1.92516e-07
5049	1.92327e-07
5050	1.92133e-07
5051	1.91942e-07
5052	1.91749e-07
5053	1.9156e-07
5054	1.91367e-07
5055	1.91177e-07
5056	1.90985e-07
5057	1.90797e-07
5058	1.90604e-07
5059	1.90415e-07
5060	1.90224e-07
5061	1.90036e-07
5062	1.89844e-07
5063	1.89656e-07
5064	1.89465e-07
5065	1.89279e-07
5066	1.89088e-07
5067	1.889e-07
5068	1.8871e-07
5069	1.88524e-07
5070	1.88334e-07
5071	1.88147e-07
5072	1.87958e-07
5073	1.87773e-07
5074	1.87583e-07
5075	1.87397e-07
5076	1.87209e-07
5077	1.87024e-07
5078	1.86835e-07
5079	1.8665e-07
5080	1.86462e-07
5081	1.86279e-07
5082	1.86091e-07
5083	1.85906e-07
5084	1.85719e-07
5085	1.85537e-07
5086	1.85349e-07
5087	1.85165e-07
5088	1.84979e-07
5089	1.84797e-07
5090	1.8461e-07
5091	1.84427e-07
5092	1.84242e-07
5093	1.8406e-07
5094	1.83874e-07
5095	1.83692e-07
5096	1.83507e-07
5097	1.83327e-07
5098	1.83142e-07
5099	1.8296e-07
5100	1.82776e-07
5101	1.82596e-07
5102	1.82412e-07
5103	1.82231e-07
5104	1.82047e-07
5105	1.81868e-07
5106	1.81685e-07
5107	1.81504e-07
5108	1.81322e-07
5109	1.81143e-07
5110	1.8096e-07
5111	1.80781e-07
5112	1.80599e-07
5113	1.80421e-07
5114	1.80239e-07
5115	1.8006e-07
5116	1.79879e-07
5117	1.79702e-07
5118	1.79521e-07
5119	1.79343e-07
5120	1.79162e-07
5121	1.78986e-07
5122	1.78805e-07
5123	1.78628e-07
5124	1.78448e-07
5125	1.78273e-07
5126	1.78092e-07
5127	1.77916e-07
5128	1.77737e-07
5129	1.77562e-07
5130	1.77383e-07
5131	1.77207e-07
5132	1.77028e-07
5133	1.76854e-07
5134	1.76676e-07
5135	1.765e-07
5136	1.76323e-07
5137	1.76149e-07
5138	1.75971e-07
5139	1.75797e-07
5140	1.7562e-07
5141	1.75447e-07
5142	1.7527e-07
5143	1.75096e-07
5144	1.7492e-07
5145	1.74748e-07
5146	1.74571e-07
5147	1.74398e-07
5148	1.74223e-07
5149	1.74051e-07
5150	1.73876e-07
5151	1.73703e-07
5152	1.73528e-07
5153	1.73358e-07
5154	1.73183e-07
5155	1.73011e-07
5156	1.72837e-07
5157	1.72667e-07
5158	1.72492e-07
5159	1.72322e-07
5160	1.72148e-07
5161	1.71979e-07
5162	1.71805e-07
5163	1.71635e-07
5164	1.71462e-07
5165	1.71293e-07
5166	1.7112e-07
5167	1.70951e-07
5168	1.70779e-07
5169	1.70611e-07
5170	1.70438e-07
5171	1.70269e-07
5172	1.70098e-07
5173	1.69931e-07
5174	1.69759e-07
5175	1.69591e-07
5176	1.6942e-07
5177	1.69253e-07
5178	1.69082e-07
5179	1.68915e-07
5180	1.68745e-07
5181	1.68579e-07
5182	1.68408e-07
5183	1.68242e-07
5184	1.68072e-07
5185	1.67907e-07
5186	1.67737e-07
5187	1.67571e-07
5188	1.67402e-07
5189	1.67238e-07
5190	1.67068e-07
5191	1.66904e-07
5192	1.66735e-07
5193	1.66571e-07
5194	1.66402e-07
5195	1.66239e-07
5196	1.66071e-07
5197	1.65906e-07
5198	1.6574e-07
5199	1.65576e-07
5200	1.65409e-07
5201	1.65245e-07
5202	1.65079e-07
5203	1.64916e-07
5204	1.64749e-07
5205	1.64587e-07
5206	1.64421e-07
5207	1.64259e-07
5208	1.64093e-07
5209	1.63931e-07
5210	1.63766e-07
5211	1.63604e-07
5212	1.63439e-07
5213	1.63278e-07
5214	1.63113e-07
5215	1.62952e-07
5216	1.62788e-07
5217	1.62627e-07
5218	1.62463e-07
5219	1.62302e-07
5220	1.62139e-07
5221	1.61979e-07
5222	1.61816e-07
5223	1.61655e-07
5224	1.61493e-07
5225	1.61334e-07
5226	1.61171e-07
5227	1.61011e-07
5228	1.60849e-07
5229	1.60691e-07
5230	1.60528e-07
5231	1.60369e-07
5232	1.60208e-07
5233	1.6005e-07
5234	1.59889e-07
5235	1.5973e-07
5236	1.59569e-07
5237	1.59413e-07
5238	1.59252e-07
5239	1.59094e-07
5240	1.58934e-07
5241	1.58777e-07
5242	1.58617e-07
5243	1.5846e-07
5244	1.583e-07
5245	1.58144e-07
5246	1.57985e-07
5247	1.57828e-07
5248	1.57669e-07
5249	1.57514e-07
5250	1.57355e-07
5251	1.57199e-07
5252	1.57041e-07
5253	1.56886e-07
5254	1.56728e-07
5255	1.56573e-07
5256	1.56415e-07
5257	1.56261e-07
5258	1.56103e-07
5259	1.55949e-07
5260	1.55792e-07
5261	1.55638e-07
5262	1.55481e-07
5263	1.55327e-07
5264	1.55171e-07
5265	1.55018e-07
5266	1.54862e-07
5267	1.54708e-07
5268	1.54552e-07
5269	1.54401e-07
5270	1.54244e-07
5271	1.54092e-07
5272	1.53937e-07
5273	1.53785e-07
5274	1.5363e-07
5275	1.53478e-07
5276	1.53323e-07
5277	1.53172e-07
5278	1.53018e-07
5279	1.52866e-07
5280	1.52712e-07
5281	1.52562e-07
5282	1.52408e-07
5283	1.52257e-07
5284	1.52104e-07
5285	1.51954e-07
5286	1.518e-07
5287	1.5165e-07
5288	1.51497e-07
5289	1.51348e-07
5290	1.51195e-07
5291	1.51046e-07
5292	1.50894e-07
5293	1.50745e-07
5294	1.50593e-07
5295	1.50444e-07
5296	1.50292e-07
5297	1.50144e-07
5298	1.49993e-07
5299	1.49844e-07
5300	1.49693e-07
5301	1.49546e-07
5302	1.49395e-07
5303	1.49247e-07
5304	1.49097e-07
5305	1.4895e-07
5306	1.488e-07
5307	1.48652e-07
5308	1.48503e-07
5309	1.48357e-07
5310	1.48207e-07
5311	1.4806e-07
5312	1.47911e-07
5313	1.47765e-07
5314	1.47616e-07
5315	1.4747e-07
5316	1.47321e-07
5317	1.47177e-07
5318	1.47028e-07
5319	1.46882e-07
5320	1.46734e-07
5321	1.4659e-07
5322	1.46442e-07
5323	1.46297e-07
5324	1.4615e-07
5325	1.46006e-07
5326	1.45858e-07
5327	1.45714e-07
5328	1.45568e-07
5329	1.45423e-07
5330	1.45277e-07
5331	1.45134e-07
5332	1.44987e-07
5333	1.44844e-07
5334	1.44698e-07
5335	1.44556e-07
5336	1.4441e-07
5337	1.44267e-07
5338	1.44121e-07
5339	1.4398e-07
5340	1.43834e-07
5341	1.43691e-07
5342	1.43547e-07
5343	1.43406e-07
5344	1.43261e-07
5345	1.43119e-07
5346	1.42975e-07
5347	1.42834e-07
5348	1.4269e-07
5349	1.42549e-07
5350	1.42405e-07
5351	1.42265e-07
5352	1.42121e-07
5353	1.41981e-07
5354	1.41838e-07
5355	1.41698e-07
5356	1.41555e-07
5357	1.41415e-07
5358	1.41272e-07
5359	1.41134e-07
5360	1.40991e-07
5361	1.40851e-07
5362	1.40709e-07
5363	1.40571e-07
5364	1.40429e-07
5365	1.4029e-07
5366	1.40149e-07
5367	1.40011e-07
5368	1.3987e-07
5369	1.39731e-07
5370	1.3959e-07
5371	1.39453e-07
5372	1.39312e-07
5373	1.39174e-07
5374	1.39034e-07
5375	1.38897e-07
5376	1.38757e-07
5377	1.3862e-07
5378	1.3848e-07
5379	1.38344e-07
5380	1.38204e-07
5381	1.38067e-07
5382	1.37928e-07
5383	1.37793e-07
5384	1.37653e-07
5385	1.37517e-07
5386	1.37379e-07
5387	1.37244e-07
5388	1.37105e-07
5389	1.36969e-07
5390	1.36831e-07
5391	1.36697e-07
5392	1.36558e-07
5393	1.36423e-07
5394	1.36286e-07
5395	1.36152e-07
5396	1.36014e-07
5397	1.3588e-07
5398	1.35743e-07
5399	1.35609e-07
5400	1.35472e-07
5401	1.35339e-07
5402	1.35201e-07
5403	1.35069e-07
5404	1.34933e-07
5405	1.34799e-07
5406	1.34663e-07
5407	1.34531e-07
5408	1.34395e-07
5409	1.34262e-07
5410	1.34127e-07
5411	1.33995e-07
5412	1.33859e-07
5413	1.33727e-07
5414	1.33592e-07
5415	1.33461e-07
5416	1.33326e-07
5417	1.33194e-07
5418	1.3306e-07
5419	1.32929e-07
5420	1.32794e-07
5421	1.32663e-07
5422	1.3253e-07
5423	1.32399e-07
5424	1.32265e-07
5425	1.32135e-07
5426	1.32002e-07
5427	1.31871e-07
5428	1.31738e-07
5429	1.31609e-07
5430	1.31476e-07
5431	1.31346e-07
5432	1.31213e-07
5433	1.31084e-07
5434	1.30952e-07
5435	1.30822e-07
5436	1.3069e-07
5437	1.30562e-07
5438	1.30429e-07
5439	1.30302e-07
5440	1.3017e-07
5441	1.30041e-07
5442	1.2991e-07
5443	1.29783e-07
5444	1.29651e-07
5445	1.29523e-07
5446	1.29392e-07
5447	1.29265e-07
5448	1.29134e-07
5449	1.29007e-07
5450	1.28877e-07
5451	1.2875e-07
5452	1.2862e-07
5453	1.28493e-07
5454	1.28363e-07
5455	1.28237e-07
5456	1.28107e-07
5457	1.27981e-07
5458	1.27851e-07
5459	1.27726e-07
5460	1.27597e-07
5461	1.27471e-07
5462	1.27342e-07
5463	1.27217e-07
5464	1.27089e-07
5465	1.26963e-07
5466	1.26835e-07
5467	1.2671e-07
5468	1.26582e-07
5469	1.26457e-07
5470	1.26329e-07
5471	1.26205e-07
5472	1.26078e-07
5473	1.25953e-07
5474	1.25826e-07
5475	1.25703e-07
5476	1.25575e-07
5477	1.25451e-07
5478	1.25325e-07
5479	1.25202e-07
5480	1.25075e-07
5481	1.24951e-07
5482	1.24825e-07
5483	1.24703e-07
5484	1.24577e-07
5485	1.24454e-07
5486	1.24328e-07
5487	1.24206e-07
5488	1.2408e-07
5489	1.23957e-07
5490	1.23833e-07
5491	1.23711e-07
5492	1.23586e-07
5493	1.23464e-07
5494	1.23339e-07
5495	1.23218e-07
5496	1.23093e-07
5497	1.22972e-07
5498	1.22848e-07
5499	1.22727e-07
5500	1.22603e-07
5501	1.22482e-07
5502	1.22358e-07
5503	1.22238e-07
5504	1.22114e-07
5505	1.21994e-07
5506	1.21871e-07
5507	1.21751e-07
5508	1.21628e-07
5509	1.21508e-07
5510	1.21385e-07
5511	1.21266e-07
5512	1.21143e-07
5513	1.21023e-07
5514	1.20901e-07
5515	1.20783e-07
5516	1.20661e-07
5517	1.20541e-07
5518	1.2042e-07
5519	1.20302e-07
5520	1.2018e-07
5521	1.20061e-07
5522	1.1994e-07
5523	1.19822e-07
5524	1.19701e-07
5525	1.19582e-07
5526	1.19462e-07
5527	1.19345e-07
5528	1.19224e-07
5529	1.19106e-07
5530	1.18986e-07
5531	1.1887e-07
5532	1.18749e-07
5533	1.18631e-07
5534	1.18512e-07
5535	1.18396e-07
5536	1.18276e-07
5537	1.18159e-07
5538	1.1804e-07
5539	1.17924e-07
5540	1.17804e-07
5541	1.17688e-07
5542	1.17569e-07
5543	1.17454e-07
5544	1.17335e-07
5545	1.17219e-07
5546	1.17101e-07
5547	1.16986e-07
5548	1.16867e-07
5549	1.16752e-07
5550	1.16634e-07
5551	1.1652e-07
5552	1.16402e-07
5553	1.16287e-07
5554	1.1617e-07
5555	1.16056e-07
5556	1.15938e-07
5557	1.15824e-07
5558	1.15706e-07
5559	1.15594e-07
5560	1.15476e-07
5561	1.15362e-07
5562	1.15246e-07
5563	1.15133e-07
5564	1.15016e-07
5565	1.14903e-07
5566	1.14786e-07
5567	1.14674e-07
5568	1.14558e-07
5569	1.14445e-07
5570	1.14329e-07
5571	1.14217e-07
5572	1.14101e-07
5573	1.13989e-07
5574	1.13874e-07
5575	1.13762e-07
5576	1.13647e-07
5577	1.13535e-07
5578	1.1342e-07
5579	1.13309e-07
5580	1.13194e-07
5581	1.13082e-07
5582	1.12968e-07
5583	1.12858e-07
5584	1.12743e-07
5585	1.12632e-07
5586	1.12518e-07
5587	1.12408e-07
5588	1.12293e-07
5589	1.12183e-07
5590	1.12069e-07
5591	1.1196e-07
5592	1.11846e-07
5593	1.11736e-07
5594	1.11623e-07
5595	1.11514e-07
5596	1.114e-07
5597	1.11291e-07
5598	1.11178e-07
5599	1.1107e-07
5600	1.10957e-07
5601	1.10847e-07
5602	1.10735e-07
5603	1.10627e-07
5604	1.10515e-07
5605	1.10406e-07
5606	1.10294e-07
5607	1.10186e-07
5608	1.10074e-07
5609	1.09966e-07
5610	1.09855e-07
5611	1.09747e-07
5612	1.09636e-07
5613	1.09528e-07
5614	1.09417e-07
5615	1.0931e-07
5616	1.09199e-07
5617	1.09091e-07
5618	1.08981e-07
5619	1.08875e-07
5620	1.08764e-07
5621	1.08657e-07
5622	1.08547e-07
5623	1.08441e-07
5624	1.0833e-07
5625	1.08224e-07
5626	1.08114e-07
5627	1.08009e-07
5628	1.07899e-07
5629	1.07792e-07
5630	1.07683e-07
5631	1.07578e-07
5632	1.07469e-07
5633	1.07363e-07
5634	1.07254e-07
5635	1.0715e-07
5636	1.07041e-07
5637	1.06935e-07
5638	1.06827e-07
5639	1.06723e-07
5640	1.06614e-07
5641	1.06509e-07
5642	1.06401e-07
5643	1.06298e-07
5644	1.06189e-07
5645	1.06085e-07
5646	1.05977e-07
5647	1.05874e-07
5648	1.05766e-07
5649	1.05662e-07
5650	1.05555e-07
5651	1.05452e-07
5652	1.05345e-07
5653	1.05241e-07
5654	1.05135e-07
5655	1.05032e-07
5656	1.04925e-07
5657	1.04822e-07
5658	1.04716e-07
5659	1.04614e-07
5660	1.04507e-07
5661	1.04404e-07
5662	1.04299e-07
5663	1.04197e-07
5664	1.04091e-07
5665	1.03988e-07
5666	1.03883e-07
5667	1.03782e-07
5668	1.03676e-07
5669	1.03574e-07
5670	1.03469e-07
5671	1.03368e-07
5672	1.03263e-07
5673	1.03161e-07
5674	1.03057e-07
5675	1.02956e-07
5676	1.02852e-07
5677	1.0275e-07
5678	1.02646e-07
5679	1.02546e-07
5680	1.02442e-07
5681	1.02341e-07
5682	1.02237e-07
5683	1.02138e-07
5684	1.02034e-07
5685	1.01933e-07
5686	1.0183e-07
5687	1.01731e-07
5688	1.01627e-07
5689	1.01527e-07
5690	1.01424e-07
5691	1.01326e-07
5692	1.01222e-07
5693	1.01123e-07
5694	1.0102e-07
5695	1.00922e-07
5696	1.00819e-07
5697	1.0072e-07
5698	1.00618e-07
5699	1.0052e-07
5700	1.00417e-07
5701	1.00318e-07
5702	1.00217e-07
5703	1.00119e-07
5704	1.00017e-07
5705	9.99191e-08
