1	1
2	0.878496
3	0.224902
4	0.864932
5	0.477288
6	0.661337
7	0.566513
8	0.650777
9	0.654471
10	0.506162
11	0.534121
12	0.527026
13	0.33444
14	0.300135
15	0.234112
16	0.195536
17	0.134731
18	0.100704
19	0.0830706
20	0.0482862
21	0.0424508
22	0.0312385
23	0.0281397
24	0.0239696
25	0.0228257
26	0.020884
27	0.0176519
28	0.0165461
29	0.0160458
30	0.0160474
31	0.0154248
32	0.0144242
33	0.0141447
34	0.0138114
35	0.0132244
36	0.0128796
37	0.0125847
38	0.0122287
39	0.0118318
40	0.0115577
41	0.011273
42	0.0109809
43	0.0107205
44	0.0104671
45	0.0102207
46	0.00999918
47	0.00978194
48	0.00957393
49	0.00937931
50	0.00919161
51	0.00901275
52	0.00884267
53	0.00867894
54	0.00852047
55	0.00836748
56	0.00821979
57	0.00807689
58	0.00793842
59	0.00780424
60	0.0076738
61	0.00754682
62	0.00742314
63	0.00730263
64	0.00718506
65	0.00707077
66	0.00695883
67	0.00684977
68	0.00674347
69	0.00663955
70	0.00653807
71	0.00643897
72	0.00634206
73	0.00624727
74	0.00615457
75	0.0060639
76	0.00597516
77	0.00588828
78	0.0058032
79	0.00571986
80	0.0056382
81	0.00555818
82	0.00547977
83	0.00540295
84	0.00532768
85	0.00525381
86	0.00518151
87	0.00511063
88	0.00504091
89	0.0049726
90	0.00490572
91	0.00483998
92	0.00477527
93	0.00471181
94	0.00464953
95	0.00458817
96	0.00452782
97	0.00446853
98	0.00441017
99	0.00435273
100	0.00429618
101	0.00424044
102	0.00418548
103	0.00413135
104	0.00407829
105	0.00402644
106	0.00397578
107	0.00392627
108	0.00387788
109	0.00383056
110	0.00378426
111	0.00373897
112	0.00369467
113	0.00365131
114	0.00360886
115	0.0035673
116	0.0035266
117	0.00348673
118	0.00344768
119	0.00340941
120	0.0033719
121	0.00333512
122	0.00329906
123	0.00326369
124	0.003229
125	0.00319497
126	0.00316157
127	0.0031288
128	0.00309663
129	0.00306504
130	0.00303402
131	0.00300356
132	0.00297363
133	0.00294424
134	0.00291535
135	0.00288696
136	0.00285906
137	0.00283162
138	0.00280465
139	0.00277813
140	0.00275205
141	0.00272639
142	0.00270114
143	0.00267631
144	0.00265187
145	0.00262782
146	0.00260414
147	0.00258083
148	0.00255789
149	0.00253529
150	0.00251304
151	0.00249112
152	0.00246954
153	0.00244827
154	0.00242732
155	0.00240667
156	0.00238633
157	0.00236628
158	0.00234651
159	0.00232703
160	0.00230782
161	0.00228888
162	0.00227021
163	0.00225179
164	0.00223362
165	0.0022157
166	0.00219803
167	0.0021806
168	0.00216339
169	0.00214641
170	0.00212966
171	0.00211313
172	0.00209681
173	0.00208071
174	0.00206481
175	0.00204911
176	0.00203362
177	0.00201832
178	0.00200321
179	0.00198829
180	0.00197355
181	0.001959
182	0.00194462
183	0.00193043
184	0.0019164
185	0.00190254
186	0.00188884
187	0.00187531
188	0.00186194
189	0.00184872
190	0.00183566
191	0.00182275
192	0.00180998
193	0.00179737
194	0.0017849
195	0.00177257
196	0.00176038
197	0.00174832
198	0.0017364
199	0.00172462
200	0.00171296
201	0.00170143
202	0.00169003
203	0.00167875
204	0.00166759
205	0.00165655
206	0.00164563
207	0.00163483
208	0.00162414
209	0.00161356
210	0.0016031
211	0.00159274
212	0.00158249
213	0.00157235
214	0.00156231
215	0.00155237
216	0.00154254
217	0.0015328
218	0.00152316
219	0.00151362
220	0.00150417
221	0.00149482
222	0.00148556
223	0.00147639
224	0.00146731
225	0.00145832
226	0.00144941
227	0.00144059
228	0.00143186
229	0.00142321
230	0.00141464
231	0.00140615
232	0.00139775
233	0.00138942
234	0.00138117
235	0.00137299
236	0.00136489
237	0.00135687
238	0.00134892
239	0.00134104
240	0.00133323
241	0.0013255
242	0.00131783
243	0.00131023
244	0.0013027
245	0.00129524
246	0.00128785
247	0.00128051
248	0.00127325
249	0.00126604
250	0.0012589
251	0.00125182
252	0.00124481
253	0.00123785
254	0.00123095
255	0.00122412
256	0.00121734
257	0.00121061
258	0.00120395
259	0.00119734
260	0.00119078
261	0.00118428
262	0.00117784
263	0.00117144
264	0.0011651
265	0.00115881
266	0.00115258
267	0.00114639
268	0.00114025
269	0.00113417
270	0.00112813
271	0.00112214
272	0.0011162
273	0.00111031
274	0.00110446
275	0.00109866
276	0.0010929
277	0.00108719
278	0.00108153
279	0.00107591
280	0.00107033
281	0.00106479
282	0.0010593
283	0.00105385
284	0.00104844
285	0.00104308
286	0.00103775
287	0.00103246
288	0.00102722
289	0.00102201
290	0.00101684
291	0.00101171
292	0.00100662
293	0.00100157
294	0.000996553
295	0.000991574
296	0.000986631
297	0.000981724
298	0.000976853
299	0.000972018
300	0.000967218
301	0.000962452
302	0.00095772
303	0.000953022
304	0.000948358
305	0.000943727
306	0.000939128
307	0.000934563
308	0.000930029
309	0.000925528
310	0.000921058
311	0.000916618
312	0.00091221
313	0.000907833
314	0.000903485
315	0.000899172
316	0.000894875
317	0.000890622
318	0.000886395
319	0.000882192
320	0.00087802
321	0.000873877
322	0.00086976
323	0.000865672
324	0.000861611
325	0.000857578
326	0.00085357
327	0.00084959
328	0.000845636
329	0.000841709
330	0.000837806
331	0.00083393
332	0.000830079
333	0.000826253
334	0.000822456
335	0.000818672
336	0.000814924
337	0.000811199
338	0.000807494
339	0.000803813
340	0.000800158
341	0.000796525
342	0.000792915
343	0.000789329
344	0.000785765
345	0.000782223
346	0.000778703
347	0.00077521
348	0.000771727
349	0.000768277
350	0.000764847
351	0.000761434
352	0.000758044
353	0.000754676
354	0.000751328
355	0.000748
356	0.000744693
357	0.000741406
358	0.000738139
359	0.000734892
360	0.000731665
361	0.000728457
362	0.000725268
363	0.000722099
364	0.000718949
365	0.000715818
366	0.000712705
367	0.000709611
368	0.000706535
369	0.000703477
370	0.000700438
371	0.000697416
372	0.000694416
373	0.000691426
374	0.000688454
375	0.000685508
376	0.000682574
377	0.000679655
378	0.000676756
379	0.000673873
380	0.000671009
381	0.000668152
382	0.000665321
383	0.000662506
384	0.000659702
385	0.000656917
386	0.000654148
387	0.000651394
388	0.000648659
389	0.000645932
390	0.000643221
391	0.000640534
392	0.000637858
393	0.000635193
394	0.000632546
395	0.000629915
396	0.000627296
397	0.000624693
398	0.000622104
399	0.000619529
400	0.000616969
401	0.000614422
402	0.00061189
403	0.000609371
404	0.000606867
405	0.000604376
406	0.000601898
407	0.000599434
408	0.000596986
409	0.000594545
410	0.000592118
411	0.000589711
412	0.000587313
413	0.000584926
414	0.000582553
415	0.000580194
416	0.000577846
417	0.000575511
418	0.000573191
419	0.000570878
420	0.000568577
421	0.000566295
422	0.000564022
423	0.000561758
424	0.000559508
425	0.000557271
426	0.000555044
427	0.000552829
428	0.000550626
429	0.000548433
430	0.000546252
431	0.000544086
432	0.000541924
433	0.000539774
434	0.000537642
435	0.000535518
436	0.000533401
437	0.000531298
438	0.000529206
439	0.000527124
440	0.000525052
441	0.000522991
442	0.000520941
443	0.000518901
444	0.000516871
445	0.000514851
446	0.000512844
447	0.000510841
448	0.000508849
449	0.000506874
450	0.000504904
451	0.000502943
452	0.000500993
453	0.000499055
454	0.000497121
455	0.000495197
456	0.00049329
457	0.000491387
458	0.000489495
459	0.000487607
460	0.000485737
461	0.00048387
462	0.00048201
463	0.000480166
464	0.000478329
465	0.0004765
466	0.000474677
467	0.000472864
468	0.000471064
469	0.00046927
470	0.000467483
471	0.000465706
472	0.000463939
473	0.000462179
474	0.000460427
475	0.000458684
476	0.00045695
477	0.000455225
478	0.000453504
479	0.000451792
480	0.000450093
481	0.000448401
482	0.000446712
483	0.000445032
484	0.000443367
485	0.000441701
486	0.000440047
487	0.000438402
488	0.000436764
489	0.000435129
490	0.000433507
491	0.000431889
492	0.000430284
493	0.000428681
494	0.000427084
495	0.000425501
496	0.000423924
497	0.000422349
498	0.000420783
499	0.000419229
500	0.000417679
501	0.000416134
502	0.000414599
503	0.000413072
504	0.000411547
505	0.000410032
506	0.000408523
507	0.000407024
508	0.00040553
509	0.000404041
510	0.00040256
511	0.000401088
512	0.000399618
513	0.000398155
514	0.000396704
515	0.000395256
516	0.000393813
517	0.00039238
518	0.00039095
519	0.000389528
520	0.000388111
521	0.000386705
522	0.0003853
523	0.0003839
524	0.000382512
525	0.00038113
526	0.000379748
527	0.000378376
528	0.000377009
529	0.000375652
530	0.000374294
531	0.000372947
532	0.000371605
533	0.00037027
534	0.000368937
535	0.000367612
536	0.000366292
537	0.000364982
538	0.000363672
539	0.00036237
540	0.000361074
541	0.000359783
542	0.000358499
543	0.000357219
544	0.000355944
545	0.000354676
546	0.000353413
547	0.000352156
548	0.000350904
549	0.000349657
550	0.000348415
551	0.000347179
552	0.000345949
553	0.000344722
554	0.000343503
555	0.000342288
556	0.000341077
557	0.000339874
558	0.000338673
559	0.000337478
560	0.000336288
561	0.000335106
562	0.000333925
563	0.00033275
564	0.000331581
565	0.000330417
566	0.000329256
567	0.000328102
568	0.000326952
569	0.000325806
570	0.000324666
571	0.00032353
572	0.000322399
573	0.000321274
574	0.000320152
575	0.000319035
576	0.000317923
577	0.000316815
578	0.000315712
579	0.000314614
580	0.00031352
581	0.000312431
582	0.000311346
583	0.000310265
584	0.00030919
585	0.000308118
586	0.000307051
587	0.000305988
588	0.00030493
589	0.000303876
590	0.000302826
591	0.000301781
592	0.00030074
593	0.000299703
594	0.00029867
595	0.000297642
596	0.000296618
597	0.000295596
598	0.000294583
599	0.00029357
600	0.000292561
601	0.000291558
602	0.000290559
603	0.000289563
604	0.000288571
605	0.000287584
606	0.0002866
607	0.00028562
608	0.000284645
609	0.000283673
610	0.000282705
611	0.000281741
612	0.00028078
613	0.000279824
614	0.000278872
615	0.000277923
616	0.000276978
617	0.000276037
618	0.000275099
619	0.000274165
620	0.000273235
621	0.000272309
622	0.000271386
623	0.000270467
624	0.000269551
625	0.000268641
626	0.000267732
627	0.000266826
628	0.000265925
629	0.00026503
630	0.000264134
631	0.000263243
632	0.000262357
633	0.000261473
634	0.000260593
635	0.000259716
636	0.000258843
637	0.000257973
638	0.000257106
639	0.000256245
640	0.000255384
641	0.000254527
642	0.000253675
643	0.000252825
644	0.000251978
645	0.000251135
646	0.000250295
647	0.000249459
648	0.000248625
649	0.000247795
650	0.000246969
651	0.000246144
652	0.000245322
653	0.000244506
654	0.000243692
655	0.00024288
656	0.000242072
657	0.000241267
658	0.000240465
659	0.000239666
660	0.000238871
661	0.000238078
662	0.000237288
663	0.000236501
664	0.000235718
665	0.000234937
666	0.000234159
667	0.000233384
668	0.000232612
669	0.000231843
670	0.000231077
671	0.000230314
672	0.000229554
673	0.000228796
674	0.000228042
675	0.00022729
676	0.000226541
677	0.000225795
678	0.000225052
679	0.000224311
680	0.000223574
681	0.000222839
682	0.000222107
683	0.000221377
684	0.000220651
685	0.000219927
686	0.000219206
687	0.000218487
688	0.00021777
689	0.000217058
690	0.000216348
691	0.000215639
692	0.000214934
693	0.000214232
694	0.000213531
695	0.000212834
696	0.000212139
697	0.000211447
698	0.000210757
699	0.00021007
700	0.000209385
701	0.000208703
702	0.000208024
703	0.000207347
704	0.000206672
705	0.000206
706	0.00020533
707	0.000204663
708	0.000203998
709	0.000203336
710	0.000202676
711	0.000202019
712	0.000201364
713	0.000200711
714	0.000200061
715	0.000199413
716	0.000198768
717	0.000198125
718	0.000197484
719	0.000196845
720	0.000196209
721	0.000195575
722	0.000194944
723	0.000194316
724	0.000193688
725	0.000193062
726	0.000192441
727	0.000191821
728	0.000191204
729	0.000190587
730	0.000189974
731	0.000189363
732	0.000188754
733	0.000188146
734	0.000187542
735	0.00018694
736	0.000186339
737	0.000185741
738	0.000185146
739	0.000184552
740	0.00018396
741	0.00018337
742	0.000182783
743	0.000182198
744	0.000181615
745	0.000181033
746	0.000180454
747	0.000179877
748	0.000179302
749	0.00017873
750	0.00017816
751	0.00017759
752	0.000177022
753	0.000176459
754	0.000175897
755	0.000175335
756	0.000174775
757	0.00017422
758	0.000173665
759	0.000173111
760	0.000172561
761	0.000172012
762	0.000171465
763	0.00017092
764	0.000170377
765	0.000169836
766	0.000169296
767	0.000168759
768	0.000168224
769	0.00016769
770	0.000167159
771	0.000166628
772	0.0001661
773	0.000165574
774	0.00016505
775	0.000164528
776	0.000164007
777	0.000163488
778	0.00016297
779	0.000162456
780	0.000161943
781	0.000161431
782	0.000160921
783	0.000160414
784	0.000159907
785	0.000159402
786	0.0001589
787	0.0001584
788	0.0001579
789	0.000157402
790	0.000156907
791	0.000156413
792	0.000155921
793	0.000155431
794	0.000154941
795	0.000154454
796	0.000153968
797	0.000153485
798	0.000153004
799	0.000152522
800	0.000152043
801	0.000151567
802	0.000151092
803	0.000150617
804	0.000150144
805	0.000149675
806	0.000149206
807	0.000148738
808	0.000148272
809	0.000147808
810	0.000147346
811	0.000146884
812	0.000146425
813	0.000145967
814	0.000145511
815	0.000145058
816	0.000144603
817	0.000144151
818	0.000143702
819	0.000143254
820	0.000142807
821	0.000142361
822	0.000141918
823	0.000141475
824	0.000141034
825	0.000140596
826	0.000140157
827	0.00013972
828	0.000139286
829	0.000138854
830	0.000138421
831	0.000137989
832	0.000137562
833	0.000137135
834	0.000136708
835	0.000136282
836	0.00013586
837	0.000135439
838	0.000135018
839	0.000134599
840	0.000134181
841	0.000133766
842	0.000133351
843	0.000132938
844	0.000132526
845	0.000132116
846	0.000131706
847	0.000131299
848	0.000130892
849	0.000130487
850	0.000130084
851	0.000129682
852	0.000129281
853	0.000128881
854	0.000128483
855	0.000128086
856	0.000127691
857	0.000127297
858	0.000126904
859	0.000126512
860	0.000126122
861	0.000125733
862	0.000125345
863	0.000124959
864	0.000124574
865	0.00012419
866	0.000123808
867	0.000123427
868	0.000123047
869	0.000122668
870	0.000122291
871	0.000121915
872	0.00012154
873	0.000121166
874	0.000120794
875	0.000120423
876	0.000120053
877	0.000119684
878	0.000119317
879	0.000118951
880	0.000118586
881	0.000118222
882	0.000117859
883	0.000117498
884	0.000117138
885	0.000116779
886	0.000116421
887	0.000116064
888	0.000115709
889	0.000115355
890	0.000115001
891	0.00011465
892	0.000114299
893	0.000113949
894	0.000113601
895	0.000113253
896	0.000112907
897	0.000112562
898	0.000112218
899	0.000111876
900	0.000111534
901	0.000111194
902	0.000110854
903	0.000110516
904	0.000110179
905	0.000109843
906	0.000109508
907	0.000109174
908	0.000108841
909	0.00010851
910	0.000108179
911	0.00010785
912	0.000107521
913	0.000107194
914	0.000106868
915	0.000106543
916	0.000106219
917	0.000105896
918	0.000105573
919	0.000105253
920	0.000104933
921	0.000104614
922	0.000104296
923	0.000103979
924	0.000103664
925	0.000103349
926	0.000103035
927	0.000102722
928	0.000102411
929	0.0001021
930	0.000101791
931	0.000101482
932	0.000101174
933	0.000100868
934	0.000100562
935	0.000100257
936	9.99538e-05
937	9.96511e-05
938	9.93494e-05
939	9.90487e-05
940	9.8749e-05
941	9.84502e-05
942	9.81525e-05
943	9.78557e-05
944	9.75598e-05
945	9.72649e-05
946	9.69709e-05
947	9.6678e-05
948	9.63859e-05
949	9.60948e-05
950	9.58045e-05
951	9.55153e-05
952	9.5227e-05
953	9.49397e-05
954	9.46531e-05
955	9.43677e-05
956	9.40831e-05
957	9.37994e-05
958	9.35166e-05
959	9.32347e-05
960	9.29537e-05
961	9.26737e-05
962	9.23946e-05
963	9.21163e-05
964	9.18389e-05
965	9.15625e-05
966	9.12869e-05
967	9.10122e-05
968	9.07384e-05
969	9.04654e-05
970	9.01933e-05
971	8.99222e-05
972	8.96518e-05
973	8.93824e-05
974	8.91137e-05
975	8.8846e-05
976	8.85791e-05
977	8.83131e-05
978	8.80479e-05
979	8.77836e-05
980	8.75201e-05
981	8.72574e-05
982	8.69957e-05
983	8.67346e-05
984	8.64746e-05
985	8.62152e-05
986	8.59568e-05
987	8.56991e-05
988	8.54422e-05
989	8.51862e-05
990	8.4931e-05
991	8.46766e-05
992	8.4423e-05
993	8.41702e-05
994	8.39182e-05
995	8.36671e-05
996	8.34167e-05
997	8.31671e-05
998	8.29183e-05
999	8.26702e-05
1000	8.24231e-05
1001	8.21767e-05
1002	8.1931e-05
1003	8.16861e-05
1004	8.1442e-05
1005	8.11986e-05
1006	8.09561e-05
1007	8.07143e-05
1008	8.04733e-05
1009	8.0233e-05
1010	7.99935e-05
1011	7.97547e-05
1012	7.95168e-05
1013	7.92795e-05
1014	7.9043e-05
1015	7.88073e-05
1016	7.85723e-05
1017	7.8338e-05
1018	7.81045e-05
1019	7.78717e-05
1020	7.76397e-05
1021	7.74083e-05
1022	7.71777e-05
1023	7.69479e-05
1024	7.67187e-05
1025	7.64903e-05
1026	7.62626e-05
1027	7.60356e-05
1028	7.58093e-05
1029	7.55838e-05
1030	7.53589e-05
1031	7.51348e-05
1032	7.49113e-05
1033	7.46886e-05
1034	7.44666e-05
1035	7.42452e-05
1036	7.40246e-05
1037	7.38046e-05
1038	7.35854e-05
1039	7.33667e-05
1040	7.31489e-05
1041	7.29316e-05
1042	7.27151e-05
1043	7.24992e-05
1044	7.22841e-05
1045	7.20696e-05
1046	7.18557e-05
1047	7.16426e-05
1048	7.14301e-05
1049	7.12186e-05
1050	7.10067e-05
1051	7.07965e-05
1052	7.05868e-05
1053	7.03775e-05
1054	7.0169e-05
1055	6.99611e-05
1056	6.97538e-05
1057	6.95473e-05
1058	6.93413e-05
1059	6.9136e-05
1060	6.89313e-05
1061	6.87273e-05
1062	6.85239e-05
1063	6.83211e-05
1064	6.8119e-05
1065	6.79175e-05
1066	6.77169e-05
1067	6.75162e-05
1068	6.73163e-05
1069	6.71177e-05
1070	6.69193e-05
1071	6.67214e-05
1072	6.65243e-05
1073	6.63278e-05
1074	6.61318e-05
1075	6.59364e-05
1076	6.57418e-05
1077	6.55476e-05
1078	6.53541e-05
1079	6.51612e-05
1080	6.49689e-05
1081	6.47772e-05
1082	6.4586e-05
1083	6.43955e-05
1084	6.42055e-05
1085	6.40162e-05
1086	6.38274e-05
1087	6.36392e-05
1088	6.34516e-05
1089	6.32646e-05
1090	6.30781e-05
1091	6.28922e-05
1092	6.2707e-05
1093	6.25223e-05
1094	6.23381e-05
1095	6.21545e-05
1096	6.19719e-05
1097	6.1789e-05
1098	6.16068e-05
1099	6.14258e-05
1100	6.12451e-05
1101	6.10648e-05
1102	6.08852e-05
1103	6.07061e-05
1104	6.05275e-05
1105	6.03495e-05
1106	6.0172e-05
1107	5.99951e-05
1108	5.98187e-05
1109	5.9643e-05
1110	5.94677e-05
1111	5.92929e-05
1112	5.91187e-05
1113	5.89451e-05
1114	5.8772e-05
1115	5.85993e-05
1116	5.84273e-05
1117	5.82558e-05
1118	5.8085e-05
1119	5.79141e-05
1120	5.77439e-05
1121	5.75749e-05
1122	5.74059e-05
1123	5.72375e-05
1124	5.70696e-05
1125	5.69023e-05
1126	5.67353e-05
1127	5.6569e-05
1128	5.64032e-05
1129	5.62378e-05
1130	5.6073e-05
1131	5.59087e-05
1132	5.57448e-05
1133	5.55815e-05
1134	5.54187e-05
1135	5.52564e-05
1136	5.50946e-05
1137	5.49332e-05
1138	5.47724e-05
1139	5.46121e-05
1140	5.44522e-05
1141	5.42928e-05
1142	5.41339e-05
1143	5.39755e-05
1144	5.38177e-05
1145	5.36602e-05
1146	5.35032e-05
1147	5.33468e-05
1148	5.31908e-05
1149	5.30356e-05
1150	5.28802e-05
1151	5.27253e-05
1152	5.25716e-05
1153	5.2418e-05
1154	5.22647e-05
1155	5.2112e-05
1156	5.19598e-05
1157	5.1808e-05
1158	5.16567e-05
1159	5.15058e-05
1160	5.13555e-05
1161	5.12055e-05
1162	5.1056e-05
1163	5.0907e-05
1164	5.07585e-05
1165	5.06106e-05
1166	5.04625e-05
1167	5.03154e-05
1168	5.01688e-05
1169	5.00224e-05
1170	4.98765e-05
1171	4.97311e-05
1172	4.95861e-05
1173	4.94416e-05
1174	4.92975e-05
1175	4.91538e-05
1176	4.90106e-05
1177	4.88678e-05
1178	4.87254e-05
1179	4.85834e-05
1180	4.84419e-05
1181	4.83009e-05
1182	4.81602e-05
1183	4.802e-05
1184	4.78802e-05
1185	4.77408e-05
1186	4.76018e-05
1187	4.74633e-05
1188	4.73252e-05
1189	4.71875e-05
1190	4.70502e-05
1191	4.69134e-05
1192	4.67769e-05
1193	4.66408e-05
1194	4.65052e-05
1195	4.637e-05
1196	4.62352e-05
1197	4.61008e-05
1198	4.59668e-05
1199	4.58332e-05
1200	4.57001e-05
1201	4.5567e-05
1202	4.54344e-05
1203	4.53028e-05
1204	4.51712e-05
1205	4.50399e-05
1206	4.49092e-05
1207	4.47791e-05
1208	4.46487e-05
1209	4.45189e-05
1210	4.43899e-05
1211	4.42612e-05
1212	4.41326e-05
1213	4.40046e-05
1214	4.38769e-05
1215	4.37496e-05
1216	4.36227e-05
1217	4.34962e-05
1218	4.337e-05
1219	4.32443e-05
1220	4.31189e-05
1221	4.29939e-05
1222	4.28692e-05
1223	4.2745e-05
1224	4.26211e-05
1225	4.24976e-05
1226	4.23744e-05
1227	4.22517e-05
1228	4.21292e-05
1229	4.20072e-05
1230	4.18855e-05
1231	4.17642e-05
1232	4.16433e-05
1233	4.15227e-05
1234	4.14025e-05
1235	4.12827e-05
1236	4.11631e-05
1237	4.1044e-05
1238	4.09253e-05
1239	4.08068e-05
1240	4.06887e-05
1241	4.0571e-05
1242	4.04536e-05
1243	4.03367e-05
1244	4.022e-05
1245	4.01037e-05
1246	3.99877e-05
1247	3.98721e-05
1248	3.97568e-05
1249	3.96419e-05
1250	3.95273e-05
1251	3.94131e-05
1252	3.92992e-05
1253	3.91856e-05
1254	3.90724e-05
1255	3.89595e-05
1256	3.8847e-05
1257	3.87348e-05
1258	3.86229e-05
1259	3.85114e-05
1260	3.84002e-05
1261	3.82893e-05
1262	3.8179e-05
1263	3.80685e-05
1264	3.79584e-05
1265	3.78491e-05
1266	3.77399e-05
1267	3.7631e-05
1268	3.75224e-05
1269	3.74142e-05
1270	3.73062e-05
1271	3.71986e-05
1272	3.70913e-05
1273	3.69843e-05
1274	3.68777e-05
1275	3.67714e-05
1276	3.66654e-05
1277	3.65597e-05
1278	3.64543e-05
1279	3.63492e-05
1280	3.62445e-05
1281	3.614e-05
1282	3.60359e-05
1283	3.59321e-05
1284	3.58286e-05
1285	3.57256e-05
1286	3.56224e-05
1287	3.55197e-05
1288	3.54177e-05
1289	3.53157e-05
1290	3.5214e-05
1291	3.51126e-05
1292	3.50115e-05
1293	3.49108e-05
1294	3.48103e-05
1295	3.47102e-05
1296	3.46102e-05
1297	3.45107e-05
1298	3.44114e-05
1299	3.43126e-05
1300	3.42137e-05
1301	3.41151e-05
1302	3.40172e-05
1303	3.39194e-05
1304	3.38218e-05
1305	3.37246e-05
1306	3.36277e-05
1307	3.3531e-05
1308	3.34346e-05
1309	3.33386e-05
1310	3.32427e-05
1311	3.31472e-05
1312	3.3052e-05
1313	3.2957e-05
1314	3.28624e-05
1315	3.2768e-05
1316	3.26739e-05
1317	3.258e-05
1318	3.24865e-05
1319	3.23932e-05
1320	3.23002e-05
1321	3.22075e-05
1322	3.2115e-05
1323	3.20228e-05
1324	3.19311e-05
1325	3.18395e-05
1326	3.17479e-05
1327	3.16568e-05
1328	3.1566e-05
1329	3.14754e-05
1330	3.13852e-05
1331	3.1295e-05
1332	3.12054e-05
1333	3.11159e-05
1334	3.10267e-05
1335	3.09377e-05
1336	3.08492e-05
1337	3.07605e-05
1338	3.06722e-05
1339	3.05847e-05
1340	3.04968e-05
1341	3.04092e-05
1342	3.03223e-05
1343	3.02354e-05
1344	3.01488e-05
1345	3.00624e-05
1346	2.99763e-05
1347	2.98905e-05
1348	2.98048e-05
1349	2.97195e-05
1350	2.96344e-05
1351	2.95495e-05
1352	2.94649e-05
1353	2.93806e-05
1354	2.92965e-05
1355	2.92128e-05
1356	2.9129e-05
1357	2.90456e-05
1358	2.89625e-05
1359	2.88795e-05
1360	2.87972e-05
1361	2.87147e-05
1362	2.86325e-05
1363	2.85505e-05
1364	2.8469e-05
1365	2.83877e-05
1366	2.83063e-05
1367	2.82253e-05
1368	2.81448e-05
1369	2.80643e-05
1370	2.79841e-05
1371	2.79041e-05
1372	2.78245e-05
1373	2.77448e-05
1374	2.76654e-05
1375	2.75865e-05
1376	2.75077e-05
1377	2.74291e-05
1378	2.73507e-05
1379	2.72726e-05
1380	2.71947e-05
1381	2.7117e-05
1382	2.70398e-05
1383	2.69624e-05
1384	2.68852e-05
1385	2.68087e-05
1386	2.67321e-05
1387	2.66558e-05
1388	2.65797e-05
1389	2.65039e-05
1390	2.64282e-05
1391	2.6353e-05
1392	2.62776e-05
1393	2.62025e-05
1394	2.61279e-05
1395	2.60534e-05
1396	2.5979e-05
1397	2.5905e-05
1398	2.58311e-05
1399	2.57574e-05
1400	2.5684e-05
1401	2.56107e-05
1402	2.55377e-05
1403	2.54649e-05
1404	2.5393e-05
1405	2.53197e-05
1406	2.52473e-05
1407	2.51758e-05
1408	2.51043e-05
1409	2.50324e-05
1410	2.49612e-05
1411	2.48903e-05
1412	2.48192e-05
1413	2.47484e-05
1414	2.46781e-05
1415	2.46078e-05
1416	2.45376e-05
1417	2.44679e-05
1418	2.43981e-05
1419	2.43286e-05
1420	2.42593e-05
1421	2.41905e-05
1422	2.41215e-05
1423	2.40527e-05
1424	2.39844e-05
1425	2.39163e-05
1426	2.3848e-05
1427	2.37802e-05
1428	2.37125e-05
1429	2.36451e-05
1430	2.35778e-05
1431	2.35106e-05
1432	2.3444e-05
1433	2.33772e-05
1434	2.33107e-05
1435	2.32443e-05
1436	2.31784e-05
1437	2.31125e-05
1438	2.30467e-05
1439	2.29813e-05
1440	2.29159e-05
1441	2.2851e-05
1442	2.27858e-05
1443	2.27211e-05
1444	2.26566e-05
1445	2.25921e-05
1446	2.2528e-05
1447	2.2464e-05
1448	2.24001e-05
1449	2.23366e-05
1450	2.22731e-05
1451	2.22098e-05
1452	2.21468e-05
1453	2.20839e-05
1454	2.20212e-05
1455	2.19588e-05
1456	2.18962e-05
1457	2.18342e-05
1458	2.17723e-05
1459	2.17104e-05
1460	2.16488e-05
1461	2.15874e-05
1462	2.1526e-05
1463	2.14652e-05
1464	2.14041e-05
1465	2.13434e-05
1466	2.12829e-05
1467	2.12224e-05
1468	2.11624e-05
1469	2.11023e-05
1470	2.10429e-05
1471	2.09826e-05
1472	2.09229e-05
1473	2.08641e-05
1474	2.08053e-05
1475	2.07456e-05
1476	2.06867e-05
1477	2.06284e-05
1478	2.05701e-05
1479	2.05116e-05
1480	2.04534e-05
1481	2.03956e-05
1482	2.03378e-05
1483	2.02802e-05
1484	2.02228e-05
1485	2.01656e-05
1486	2.01085e-05
1487	2.00514e-05
1488	1.99945e-05
1489	1.99381e-05
1490	1.98816e-05
1491	1.98262e-05
1492	1.97684e-05
1493	1.97128e-05
1494	1.96576e-05
1495	1.96018e-05
1496	1.95462e-05
1497	1.94909e-05
1498	1.94359e-05
1499	1.93808e-05
1500	1.93259e-05
1501	1.92713e-05
1502	1.92168e-05
1503	1.91624e-05
1504	1.91082e-05
1505	1.90541e-05
1506	1.90004e-05
1507	1.89465e-05
1508	1.88928e-05
1509	1.88396e-05
1510	1.87863e-05
1511	1.87332e-05
1512	1.86802e-05
1513	1.86274e-05
1514	1.85747e-05
1515	1.85224e-05
1516	1.84699e-05
1517	1.84176e-05
1518	1.83657e-05
1519	1.83139e-05
1520	1.82621e-05
1521	1.82104e-05
1522	1.81592e-05
1523	1.81078e-05
1524	1.80566e-05
1525	1.80056e-05
1526	1.79548e-05
1527	1.79041e-05
1528	1.78537e-05
1529	1.78031e-05
1530	1.7753e-05
1531	1.77028e-05
1532	1.76528e-05
1533	1.76029e-05
1534	1.75534e-05
1535	1.75038e-05
1536	1.74543e-05
1537	1.74053e-05
1538	1.7356e-05
1539	1.73071e-05
1540	1.72582e-05
1541	1.72097e-05
1542	1.71611e-05
1543	1.71126e-05
1544	1.70655e-05
1545	1.70154e-05
1546	1.6968e-05
1547	1.69207e-05
1548	1.68728e-05
1549	1.68252e-05
1550	1.67778e-05
1551	1.67305e-05
1552	1.66837e-05
1553	1.66362e-05
1554	1.65892e-05
1555	1.65428e-05
1556	1.64962e-05
1557	1.64496e-05
1558	1.64032e-05
1559	1.63575e-05
1560	1.63113e-05
1561	1.62649e-05
1562	1.6219e-05
1563	1.61738e-05
1564	1.61281e-05
1565	1.60826e-05
1566	1.60374e-05
1567	1.59922e-05
1568	1.59472e-05
1569	1.59023e-05
1570	1.58576e-05
1571	1.5813e-05
1572	1.57685e-05
1573	1.57241e-05
1574	1.56799e-05
1575	1.56357e-05
1576	1.55918e-05
1577	1.55479e-05
1578	1.55042e-05
1579	1.54606e-05
1580	1.54171e-05
1581	1.53737e-05
1582	1.53308e-05
1583	1.52872e-05
1584	1.52441e-05
1585	1.52017e-05
1586	1.51589e-05
1587	1.51162e-05
1588	1.50738e-05
1589	1.50314e-05
1590	1.49891e-05
1591	1.4947e-05
1592	1.49051e-05
1593	1.48632e-05
1594	1.48214e-05
1595	1.47798e-05
1596	1.47383e-05
1597	1.46969e-05
1598	1.46556e-05
1599	1.46145e-05
1600	1.45734e-05
1601	1.45325e-05
1602	1.44917e-05
1603	1.4451e-05
1604	1.44105e-05
1605	1.437e-05
1606	1.43297e-05
1607	1.42895e-05
1608	1.42494e-05
1609	1.42094e-05
1610	1.41695e-05
1611	1.41298e-05
1612	1.40901e-05
1613	1.40506e-05
1614	1.40112e-05
1615	1.39719e-05
1616	1.39327e-05
1617	1.38936e-05
1618	1.38547e-05
1619	1.38158e-05
1620	1.37771e-05
1621	1.37385e-05
1622	1.37001e-05
1623	1.36623e-05
1624	1.36226e-05
1625	1.35848e-05
1626	1.35472e-05
1627	1.35093e-05
1628	1.3471e-05
1629	1.34332e-05
1630	1.33959e-05
1631	1.33583e-05
1632	1.33208e-05
1633	1.32836e-05
1634	1.32463e-05
1635	1.32092e-05
1636	1.31723e-05
1637	1.3136e-05
1638	1.3098e-05
1639	1.30617e-05
1640	1.30255e-05
1641	1.29889e-05
1642	1.29525e-05
1643	1.29163e-05
1644	1.28801e-05
1645	1.28441e-05
1646	1.28083e-05
1647	1.27726e-05
1648	1.27365e-05
1649	1.27007e-05
1650	1.26655e-05
1651	1.263e-05
1652	1.25947e-05
1653	1.25595e-05
1654	1.25243e-05
1655	1.24893e-05
1656	1.24544e-05
1657	1.24196e-05
1658	1.23849e-05
1659	1.23502e-05
1660	1.23157e-05
1661	1.22813e-05
1662	1.2247e-05
1663	1.22128e-05
1664	1.21787e-05
1665	1.21449e-05
1666	1.21103e-05
1667	1.20768e-05
1668	1.20432e-05
1669	1.20094e-05
1670	1.19759e-05
1671	1.19425e-05
1672	1.19091e-05
1673	1.18759e-05
1674	1.18427e-05
1675	1.18097e-05
1676	1.17767e-05
1677	1.17438e-05
1678	1.17111e-05
1679	1.16784e-05
1680	1.16458e-05
1681	1.16133e-05
1682	1.15809e-05
1683	1.15486e-05
1684	1.15164e-05
1685	1.14843e-05
1686	1.14522e-05
1687	1.14203e-05
1688	1.13884e-05
1689	1.13567e-05
1690	1.1325e-05
1691	1.12934e-05
1692	1.1262e-05
1693	1.12306e-05
1694	1.11993e-05
1695	1.11681e-05
1696	1.11369e-05
1697	1.11059e-05
1698	1.1075e-05
1699	1.10441e-05
1700	1.10133e-05
1701	1.09827e-05
1702	1.09521e-05
1703	1.09216e-05
1704	1.08912e-05
1705	1.08608e-05
1706	1.08306e-05
1707	1.08004e-05
1708	1.07704e-05
1709	1.07404e-05
1710	1.07105e-05
1711	1.06807e-05
1712	1.0651e-05
1713	1.06213e-05
1714	1.05918e-05
1715	1.05623e-05
1716	1.05329e-05
1717	1.05036e-05
1718	1.04744e-05
1719	1.04453e-05
1720	1.04162e-05
1721	1.03872e-05
1722	1.03584e-05
1723	1.03295e-05
1724	1.03008e-05
1725	1.02722e-05
1726	1.02436e-05
1727	1.02152e-05
1728	1.01868e-05
1729	1.01585e-05
1730	1.01302e-05
1731	1.01021e-05
1732	1.0074e-05
1733	1.0046e-05
1734	1.00181e-05
1735	9.9903e-06
1736	9.96255e-06
1737	9.93489e-06
1738	9.9073e-06
1739	9.87978e-06
1740	9.85236e-06
1741	9.82501e-06
1742	9.79773e-06
1743	9.77054e-06
1744	9.74342e-06
1745	9.71638e-06
1746	9.68942e-06
1747	9.66253e-06
1748	9.63572e-06
1749	9.60899e-06
1750	9.58234e-06
1751	9.55584e-06
1752	9.52927e-06
1753	9.50283e-06
1754	9.47648e-06
1755	9.45021e-06
1756	9.42401e-06
1757	9.39788e-06
1758	9.37183e-06
1759	9.34586e-06
1760	9.31995e-06
1761	9.29412e-06
1762	9.26837e-06
1763	9.24269e-06
1764	9.21708e-06
1765	9.19155e-06
1766	9.16608e-06
1767	9.1407e-06
1768	9.11538e-06
1769	9.09014e-06
1770	9.06497e-06
1771	9.03987e-06
1772	9.01512e-06
1773	8.98977e-06
1774	8.96496e-06
1775	8.94008e-06
1776	8.9155e-06
1777	8.89083e-06
1778	8.86619e-06
1779	8.84167e-06
1780	8.81721e-06
1781	8.79282e-06
1782	8.7685e-06
1783	8.74425e-06
1784	8.72007e-06
1785	8.69597e-06
1786	8.67192e-06
1787	8.64795e-06
1788	8.62404e-06
1789	8.60021e-06
1790	8.57644e-06
1791	8.55274e-06
1792	8.52911e-06
1793	8.50555e-06
1794	8.48205e-06
1795	8.45862e-06
1796	8.43526e-06
1797	8.41196e-06
1798	8.38873e-06
1799	8.36556e-06
1800	8.34246e-06
1801	8.31943e-06
1802	8.29646e-06
1803	8.27356e-06
1804	8.25072e-06
1805	8.22795e-06
1806	8.20524e-06
1807	8.1826e-06
1808	8.16003e-06
1809	8.13751e-06
1810	8.11507e-06
1811	8.09268e-06
1812	8.07037e-06
1813	8.04811e-06
1814	8.02592e-06
1815	8.0038e-06
1816	7.98173e-06
1817	7.95973e-06
1818	7.93779e-06
1819	7.91592e-06
1820	7.89411e-06
1821	7.87235e-06
1822	7.85067e-06
1823	7.82904e-06
1824	7.80748e-06
1825	7.78598e-06
1826	7.76454e-06
1827	7.74316e-06
1828	7.72184e-06
1829	7.70058e-06
1830	7.67939e-06
1831	7.65825e-06
1832	7.63717e-06
1833	7.61615e-06
1834	7.5952e-06
1835	7.5743e-06
1836	7.55346e-06
1837	7.53268e-06
1838	7.51197e-06
1839	7.49131e-06
1840	7.47071e-06
1841	7.45017e-06
1842	7.42968e-06
1843	7.40926e-06
1844	7.38889e-06
1845	7.36858e-06
1846	7.34833e-06
1847	7.32814e-06
1848	7.30801e-06
1849	7.28793e-06
1850	7.26791e-06
1851	7.24794e-06
1852	7.22804e-06
1853	7.20819e-06
1854	7.18839e-06
1855	7.16866e-06
1856	7.14903e-06
1857	7.12931e-06
1858	7.10979e-06
1859	7.09029e-06
1860	7.07082e-06
1861	7.05143e-06
1862	7.03208e-06
1863	7.01279e-06
1864	6.99355e-06
1865	6.97437e-06
1866	6.95524e-06
1867	6.93617e-06
1868	6.91716e-06
1869	6.89819e-06
1870	6.87928e-06
1871	6.86043e-06
1872	6.84163e-06
1873	6.82288e-06
1874	6.80419e-06
1875	6.78583e-06
1876	6.76706e-06
1877	6.74843e-06
1878	6.7297e-06
1879	6.71136e-06
1880	6.69316e-06
1881	6.67481e-06
1882	6.65651e-06
1883	6.63831e-06
1884	6.62015e-06
1885	6.60204e-06
1886	6.58398e-06
1887	6.56615e-06
1888	6.54823e-06
1889	6.52998e-06
1890	6.51214e-06
1891	6.49449e-06
1892	6.4767e-06
1893	6.45898e-06
1894	6.44135e-06
1895	6.42374e-06
1896	6.40618e-06
1897	6.38868e-06
1898	6.37123e-06
1899	6.35383e-06
1900	6.33648e-06
1901	6.31931e-06
1902	6.30185e-06
1903	6.2846e-06
1904	6.26759e-06
1905	6.25046e-06
1906	6.23338e-06
1907	6.21638e-06
1908	6.19941e-06
1909	6.1825e-06
1910	6.16563e-06
1911	6.14882e-06
1912	6.13205e-06
1913	6.11532e-06
1914	6.09865e-06
1915	6.08202e-06
1916	6.06557e-06
1917	6.04885e-06
1918	6.03233e-06
1919	6.01602e-06
1920	5.99961e-06
1921	5.98325e-06
1922	5.96697e-06
1923	5.95071e-06
1924	5.9345e-06
1925	5.91835e-06
1926	5.90224e-06
1927	5.88617e-06
1928	5.87016e-06
1929	5.85419e-06
1930	5.83825e-06
1931	5.82237e-06
1932	5.80654e-06
1933	5.79075e-06
1934	5.775e-06
1935	5.7593e-06
1936	5.74364e-06
1937	5.72803e-06
1938	5.71246e-06
1939	5.69702e-06
1940	5.68146e-06
1941	5.66601e-06
1942	5.65062e-06
1943	5.63528e-06
1944	5.61997e-06
1945	5.60471e-06
1946	5.58949e-06
1947	5.57432e-06
1948	5.55919e-06
1949	5.5441e-06
1950	5.52905e-06
1951	5.51405e-06
1952	5.4991e-06
1953	5.48418e-06
1954	5.46931e-06
1955	5.45448e-06
1956	5.43969e-06
1957	5.42494e-06
1958	5.41024e-06
1959	5.39558e-06
1960	5.38096e-06
1961	5.36638e-06
1962	5.35185e-06
1963	5.33735e-06
1964	5.3229e-06
1965	5.30849e-06
1966	5.29412e-06
1967	5.27979e-06
1968	5.2655e-06
1969	5.25125e-06
1970	5.23704e-06
1971	5.22288e-06
1972	5.20875e-06
1973	5.19467e-06
1974	5.18062e-06
1975	5.16661e-06
1976	5.15265e-06
1977	5.13872e-06
1978	5.12483e-06
1979	5.11099e-06
1980	5.09718e-06
1981	5.08341e-06
1982	5.06968e-06
1983	5.05599e-06
1984	5.04234e-06
1985	5.02872e-06
1986	5.01515e-06
1987	5.00162e-06
1988	4.98812e-06
1989	4.97467e-06
1990	4.96125e-06
1991	4.94787e-06
1992	4.93452e-06
1993	4.92122e-06
1994	4.90795e-06
1995	4.89473e-06
1996	4.88154e-06
1997	4.86838e-06
1998	4.85527e-06
1999	4.84219e-06
2000	4.82915e-06
2001	4.81614e-06
2002	4.80318e-06
2003	4.79025e-06
2004	4.77736e-06
2005	4.7645e-06
2006	4.75168e-06
2007	4.7389e-06
2008	4.72615e-06
2009	4.71345e-06
2010	4.70077e-06
2011	4.68814e-06
2012	4.67554e-06
2013	4.66297e-06
2014	4.65044e-06
2015	4.63795e-06
2016	4.62549e-06
2017	4.61307e-06
2018	4.60069e-06
2019	4.5884e-06
2020	4.57607e-06
2021	4.56369e-06
2022	4.55148e-06
2023	4.53934e-06
2024	4.5272e-06
2025	4.51488e-06
2026	4.50285e-06
2027	4.49082e-06
2028	4.47875e-06
2029	4.46676e-06
2030	4.4548e-06
2031	4.44286e-06
2032	4.43096e-06
2033	4.4191e-06
2034	4.40727e-06
2035	4.39547e-06
2036	4.38371e-06
2037	4.37198e-06
2038	4.36028e-06
2039	4.34862e-06
2040	4.33699e-06
2041	4.3254e-06
2042	4.31384e-06
2043	4.30231e-06
2044	4.29081e-06
2045	4.27943e-06
2046	4.26785e-06
2047	4.25648e-06
2048	4.24518e-06
2049	4.23382e-06
2050	4.22252e-06
2051	4.21126e-06
2052	4.20001e-06
2053	4.18881e-06
2054	4.17764e-06
2055	4.1665e-06
2056	4.15539e-06
2057	4.14432e-06
2058	4.13328e-06
2059	4.12226e-06
2060	4.11129e-06
2061	4.10034e-06
2062	4.08942e-06
2063	4.07854e-06
2064	4.06768e-06
2065	4.05686e-06
2066	4.04607e-06
2067	4.0353e-06
2068	4.02457e-06
2069	4.01387e-06
2070	4.0032e-06
2071	3.99256e-06
2072	3.98195e-06
2073	3.97137e-06
2074	3.96083e-06
2075	3.95031e-06
2076	3.93982e-06
2077	3.92936e-06
2078	3.91894e-06
2079	3.90854e-06
2080	3.89818e-06
2081	3.88784e-06
2082	3.87753e-06
2083	3.86726e-06
2084	3.85701e-06
2085	3.84679e-06
2086	3.8366e-06
2087	3.82644e-06
2088	3.81631e-06
2089	3.80621e-06
2090	3.79614e-06
2091	3.78609e-06
2092	3.77608e-06
2093	3.7661e-06
2094	3.75614e-06
2095	3.74621e-06
2096	3.73632e-06
2097	3.72645e-06
2098	3.71661e-06
2099	3.70679e-06
2100	3.69701e-06
2101	3.68725e-06
2102	3.67753e-06
2103	3.66783e-06
2104	3.65815e-06
2105	3.64851e-06
2106	3.63889e-06
2107	3.6293e-06
2108	3.61974e-06
2109	3.61021e-06
2110	3.6007e-06
2111	3.59122e-06
2112	3.58177e-06
2113	3.57235e-06
2114	3.56295e-06
2115	3.55358e-06
2116	3.54424e-06
2117	3.53493e-06
2118	3.52564e-06
2119	3.51638e-06
2120	3.50714e-06
2121	3.49793e-06
2122	3.48875e-06
2123	3.4796e-06
2124	3.47047e-06
2125	3.46137e-06
2126	3.45229e-06
2127	3.44324e-06
2128	3.43422e-06
2129	3.42522e-06
2130	3.41625e-06
2131	3.40731e-06
2132	3.39839e-06
2133	3.3895e-06
2134	3.38063e-06
2135	3.37179e-06
2136	3.36297e-06
2137	3.35418e-06
2138	3.34542e-06
2139	3.33668e-06
2140	3.32797e-06
2141	3.31928e-06
2142	3.31062e-06
2143	3.30199e-06
2144	3.29338e-06
2145	3.28479e-06
2146	3.27623e-06
2147	3.2677e-06
2148	3.25918e-06
2149	3.2507e-06
2150	3.24224e-06
2151	3.2338e-06
2152	3.2254e-06
2153	3.21701e-06
2154	3.20877e-06
2155	3.20023e-06
2156	3.19196e-06
2157	3.18369e-06
2158	3.17544e-06
2159	3.16722e-06
2160	3.15898e-06
2161	3.15078e-06
2162	3.14262e-06
2163	3.13448e-06
2164	3.12635e-06
2165	3.11826e-06
2166	3.11019e-06
2167	3.10214e-06
2168	3.09411e-06
2169	3.08611e-06
2170	3.07814e-06
2171	3.07018e-06
2172	3.06225e-06
2173	3.05434e-06
2174	3.04646e-06
2175	3.0386e-06
2176	3.03076e-06
2177	3.02295e-06
2178	3.01516e-06
2179	3.0074e-06
2180	2.99965e-06
2181	2.99193e-06
2182	2.98424e-06
2183	2.97656e-06
2184	2.96891e-06
2185	2.96128e-06
2186	2.95367e-06
2187	2.94608e-06
2188	2.93852e-06
2189	2.93098e-06
2190	2.92346e-06
2191	2.91597e-06
2192	2.90849e-06
2193	2.90104e-06
2194	2.89362e-06
2195	2.88621e-06
2196	2.87882e-06
2197	2.87146e-06
2198	2.86413e-06
2199	2.85681e-06
2200	2.84952e-06
2201	2.84224e-06
2202	2.83499e-06
2203	2.82777e-06
2204	2.82056e-06
2205	2.81338e-06
2206	2.80622e-06
2207	2.79908e-06
2208	2.79196e-06
2209	2.78486e-06
2210	2.77779e-06
2211	2.77073e-06
2212	2.7637e-06
2213	2.75669e-06
2214	2.7497e-06
2215	2.74273e-06
2216	2.73578e-06
2217	2.72885e-06
2218	2.72194e-06
2219	2.71506e-06
2220	2.70819e-06
2221	2.70135e-06
2222	2.69453e-06
2223	2.68773e-06
2224	2.68094e-06
2225	2.67419e-06
2226	2.66745e-06
2227	2.66073e-06
2228	2.65404e-06
2229	2.64736e-06
2230	2.64071e-06
2231	2.63407e-06
2232	2.62746e-06
2233	2.62087e-06
2234	2.6143e-06
2235	2.60775e-06
2236	2.60122e-06
2237	2.59471e-06
2238	2.58822e-06
2239	2.58176e-06
2240	2.57531e-06
2241	2.56888e-06
2242	2.56247e-06
2243	2.55608e-06
2244	2.54972e-06
2245	2.54337e-06
2246	2.53704e-06
2247	2.53074e-06
2248	2.52445e-06
2249	2.51818e-06
2250	2.51194e-06
2251	2.50571e-06
2252	2.49951e-06
2253	2.49332e-06
2254	2.48716e-06
2255	2.48102e-06
2256	2.47489e-06
2257	2.46879e-06
2258	2.46271e-06
2259	2.45664e-06
2260	2.4506e-06
2261	2.44458e-06
2262	2.43858e-06
2263	2.4326e-06
2264	2.42664e-06
2265	2.42069e-06
2266	2.41477e-06
2267	2.40887e-06
2268	2.40299e-06
2269	2.39713e-06
2270	2.39129e-06
2271	2.38548e-06
2272	2.37968e-06
2273	2.37391e-06
2274	2.36815e-06
2275	2.36242e-06
2276	2.35672e-06
2277	2.35103e-06
2278	2.34537e-06
2279	2.33973e-06
2280	2.33411e-06
2281	2.32851e-06
2282	2.32293e-06
2283	2.31737e-06
2284	2.31183e-06
2285	2.30631e-06
2286	2.3008e-06
2287	2.29532e-06
2288	2.28985e-06
2289	2.28441e-06
2290	2.27898e-06
2291	2.27358e-06
2292	2.26819e-06
2293	2.26282e-06
2294	2.25747e-06
2295	2.25214e-06
2296	2.24682e-06
2297	2.24153e-06
2298	2.23624e-06
2299	2.23098e-06
2300	2.22573e-06
2301	2.2205e-06
2302	2.21529e-06
2303	2.2101e-06
2304	2.20492e-06
2305	2.19976e-06
2306	2.19462e-06
2307	2.1895e-06
2308	2.18439e-06
2309	2.1793e-06
2310	2.17423e-06
2311	2.16918e-06
2312	2.16414e-06
2313	2.15912e-06
2314	2.15411e-06
2315	2.14912e-06
2316	2.14415e-06
2317	2.13919e-06
2318	2.13425e-06
2319	2.12933e-06
2320	2.12442e-06
2321	2.11953e-06
2322	2.11465e-06
2323	2.10979e-06
2324	2.10495e-06
2325	2.10011e-06
2326	2.0953e-06
2327	2.0905e-06
2328	2.08571e-06
2329	2.08094e-06
2330	2.07619e-06
2331	2.07145e-06
2332	2.06672e-06
2333	2.06201e-06
2334	2.05732e-06
2335	2.05264e-06
2336	2.04798e-06
2337	2.04334e-06
2338	2.03871e-06
2339	2.03409e-06
2340	2.0295e-06
2341	2.02491e-06
2342	2.02034e-06
2343	2.01579e-06
2344	2.01124e-06
2345	2.00671e-06
2346	2.0022e-06
2347	1.99795e-06
2348	1.9933e-06
2349	1.98867e-06
2350	1.98429e-06
2351	1.97986e-06
2352	1.97538e-06
2353	1.97102e-06
2354	1.96662e-06
2355	1.96222e-06
2356	1.95785e-06
2357	1.9535e-06
2358	1.94915e-06
2359	1.94482e-06
2360	1.9405e-06
2361	1.9362e-06
2362	1.9319e-06
2363	1.92762e-06
2364	1.92336e-06
2365	1.91911e-06
2366	1.91487e-06
2367	1.91064e-06
2368	1.90643e-06
2369	1.90225e-06
2370	1.89804e-06
2371	1.89386e-06
2372	1.88973e-06
2373	1.88559e-06
2374	1.88145e-06
2375	1.87734e-06
2376	1.87323e-06
2377	1.86914e-06
2378	1.86506e-06
2379	1.86099e-06
2380	1.85693e-06
2381	1.85289e-06
2382	1.84886e-06
2383	1.84485e-06
2384	1.84085e-06
2385	1.83686e-06
2386	1.83288e-06
2387	1.82891e-06
2388	1.82496e-06
2389	1.82106e-06
2390	1.81713e-06
2391	1.81316e-06
2392	1.80925e-06
2393	1.80541e-06
2394	1.80152e-06
2395	1.79765e-06
2396	1.7938e-06
2397	1.78996e-06
2398	1.78612e-06
2399	1.7823e-06
2400	1.77849e-06
2401	1.7747e-06
2402	1.77091e-06
2403	1.76714e-06
2404	1.76378e-06
2405	1.75969e-06
2406	1.75582e-06
2407	1.75216e-06
2408	1.74843e-06
2409	1.7447e-06
2410	1.74105e-06
2411	1.73736e-06
2412	1.73368e-06
2413	1.73003e-06
2414	1.72638e-06
2415	1.72275e-06
2416	1.71912e-06
2417	1.71551e-06
2418	1.7119e-06
2419	1.70831e-06
2420	1.70473e-06
2421	1.70116e-06
2422	1.69759e-06
2423	1.69405e-06
2424	1.69051e-06
2425	1.68698e-06
2426	1.68346e-06
2427	1.67996e-06
2428	1.67646e-06
2429	1.67298e-06
2430	1.66952e-06
2431	1.66608e-06
2432	1.6626e-06
2433	1.65917e-06
2434	1.65573e-06
2435	1.65232e-06
2436	1.64897e-06
2437	1.64548e-06
2438	1.64212e-06
2439	1.63876e-06
2440	1.63538e-06
2441	1.63203e-06
2442	1.62869e-06
2443	1.62535e-06
2444	1.62203e-06
2445	1.61871e-06
2446	1.6154e-06
2447	1.61211e-06
2448	1.60882e-06
2449	1.60555e-06
2450	1.60229e-06
2451	1.59904e-06
2452	1.59579e-06
2453	1.59256e-06
2454	1.58934e-06
2455	1.58612e-06
2456	1.58292e-06
2457	1.57972e-06
2458	1.57653e-06
2459	1.57336e-06
2460	1.57019e-06
2461	1.56703e-06
2462	1.56388e-06
2463	1.56093e-06
2464	1.55767e-06
2465	1.55446e-06
2466	1.55138e-06
2467	1.54828e-06
2468	1.54517e-06
2469	1.5421e-06
2470	1.53904e-06
2471	1.53596e-06
2472	1.53291e-06
2473	1.52987e-06
2474	1.52683e-06
2475	1.52381e-06
2476	1.52079e-06
2477	1.51778e-06
2478	1.51478e-06
2479	1.51179e-06
2480	1.50881e-06
2481	1.50584e-06
2482	1.50287e-06
2483	1.49991e-06
2484	1.49696e-06
2485	1.49403e-06
2486	1.49109e-06
2487	1.48817e-06
2488	1.48526e-06
2489	1.48235e-06
2490	1.47946e-06
2491	1.47657e-06
2492	1.47369e-06
2493	1.47083e-06
2494	1.46797e-06
2495	1.46512e-06
2496	1.46228e-06
2497	1.45944e-06
2498	1.45662e-06
2499	1.4538e-06
2500	1.45099e-06
2501	1.44819e-06
2502	1.4454e-06
2503	1.44262e-06
2504	1.43984e-06
2505	1.43707e-06
2506	1.43431e-06
2507	1.43156e-06
2508	1.42882e-06
2509	1.42608e-06
2510	1.42335e-06
2511	1.42064e-06
2512	1.41793e-06
2513	1.41522e-06
2514	1.41253e-06
2515	1.40985e-06
2516	1.40717e-06
2517	1.4045e-06
2518	1.40184e-06
2519	1.39919e-06
2520	1.39655e-06
2521	1.39391e-06
2522	1.3913e-06
2523	1.38869e-06
2524	1.38602e-06
2525	1.38342e-06
2526	1.38085e-06
2527	1.37825e-06
2528	1.37567e-06
2529	1.37309e-06
2530	1.37052e-06
2531	1.36796e-06
2532	1.36541e-06
2533	1.36286e-06
2534	1.36032e-06
2535	1.35779e-06
2536	1.35527e-06
2537	1.35276e-06
2538	1.35025e-06
2539	1.34775e-06
2540	1.34526e-06
2541	1.34277e-06
2542	1.34029e-06
2543	1.33782e-06
2544	1.33536e-06
2545	1.3329e-06
2546	1.33044e-06
2547	1.328e-06
2548	1.32556e-06
2549	1.32313e-06
2550	1.32071e-06
2551	1.31829e-06
2552	1.31588e-06
2553	1.31348e-06
2554	1.31109e-06
2555	1.3087e-06
2556	1.30632e-06
2557	1.30395e-06
2558	1.30159e-06
2559	1.29923e-06
2560	1.29688e-06
2561	1.29453e-06
2562	1.29219e-06
2563	1.28986e-06
2564	1.28753e-06
2565	1.28521e-06
2566	1.2829e-06
2567	1.2806e-06
2568	1.2783e-06
2569	1.2765e-06
2570	1.27378e-06
2571	1.27135e-06
2572	1.26918e-06
2573	1.26691e-06
2574	1.26458e-06
2575	1.26238e-06
2576	1.26014e-06
2577	1.25788e-06
2578	1.25565e-06
2579	1.25343e-06
2580	1.25121e-06
2581	1.249e-06
2582	1.24679e-06
2583	1.24459e-06
2584	1.2424e-06
2585	1.24021e-06
2586	1.23802e-06
2587	1.23585e-06
2588	1.23368e-06
2589	1.23151e-06
2590	1.22936e-06
2591	1.2272e-06
2592	1.22506e-06
2593	1.22292e-06
2594	1.22078e-06
2595	1.21865e-06
2596	1.21653e-06
2597	1.21442e-06
2598	1.21231e-06
2599	1.21021e-06
2600	1.20811e-06
2601	1.20602e-06
2602	1.20394e-06
2603	1.20186e-06
2604	1.19979e-06
2605	1.19772e-06
2606	1.19566e-06
2607	1.19361e-06
2608	1.19156e-06
2609	1.18952e-06
2610	1.18748e-06
2611	1.18545e-06
2612	1.18343e-06
2613	1.18141e-06
2614	1.17939e-06
2615	1.17738e-06
2616	1.17538e-06
2617	1.17338e-06
2618	1.17139e-06
2619	1.1694e-06
2620	1.16742e-06
2621	1.16545e-06
2622	1.16348e-06
2623	1.16152e-06
2624	1.15957e-06
2625	1.15762e-06
2626	1.15567e-06
2627	1.15374e-06
2628	1.1518e-06
2629	1.14987e-06
2630	1.14795e-06
2631	1.14603e-06
2632	1.14412e-06
2633	1.14221e-06
2634	1.14031e-06
2635	1.13841e-06
2636	1.13652e-06
2637	1.13464e-06
2638	1.13275e-06
2639	1.13088e-06
2640	1.12901e-06
2641	1.12714e-06
2642	1.12528e-06
2643	1.12343e-06
2644	1.12158e-06
2645	1.11973e-06
2646	1.1179e-06
2647	1.11606e-06
2648	1.11425e-06
2649	1.11241e-06
2650	1.11059e-06
2651	1.10878e-06
2652	1.10699e-06
2653	1.10518e-06
2654	1.10335e-06
2655	1.10156e-06
2656	1.09979e-06
2657	1.09799e-06
2658	1.09622e-06
2659	1.09445e-06
2660	1.09267e-06
2661	1.09091e-06
2662	1.08915e-06
2663	1.08739e-06
2664	1.08564e-06
2665	1.0839e-06
2666	1.08216e-06
2667	1.08042e-06
2668	1.07869e-06
2669	1.07697e-06
2670	1.07525e-06
2671	1.07353e-06
2672	1.07182e-06
2673	1.07011e-06
2674	1.06841e-06
2675	1.06672e-06
2676	1.06502e-06
2677	1.06333e-06
2678	1.06165e-06
2679	1.05997e-06
2680	1.05829e-06
2681	1.05662e-06
2682	1.05495e-06
2683	1.05329e-06
2684	1.05163e-06
2685	1.04998e-06
2686	1.04833e-06
2687	1.04669e-06
2688	1.04505e-06
2689	1.04342e-06
2690	1.0418e-06
2691	1.04016e-06
2692	1.03854e-06
2693	1.03693e-06
2694	1.03532e-06
2695	1.03371e-06
2696	1.03212e-06
2697	1.0305e-06
2698	1.0289e-06
2699	1.02733e-06
2700	1.02574e-06
2701	1.02415e-06
2702	1.02258e-06
2703	1.021e-06
2704	1.01943e-06
2705	1.01786e-06
2706	1.0163e-06
2707	1.01474e-06
2708	1.01319e-06
2709	1.01164e-06
2710	1.0101e-06
2711	1.00856e-06
2712	1.00702e-06
2713	1.00549e-06
2714	1.00397e-06
2715	1.00245e-06
2716	1.00092e-06
2717	9.99407e-07
2718	9.97901e-07
2719	9.96395e-07
2720	9.9489e-07
2721	9.93391e-07
2722	9.91895e-07
2723	9.90403e-07
2724	9.88915e-07
2725	9.8743e-07
2726	9.8595e-07
2727	9.84474e-07
2728	9.83002e-07
2729	9.81533e-07
2730	9.80069e-07
2731	9.78608e-07
2732	9.77152e-07
2733	9.757e-07
2734	9.74252e-07
2735	9.72807e-07
2736	9.71367e-07
2737	9.69932e-07
2738	9.685e-07
2739	9.67072e-07
2740	9.65698e-07
2741	9.64253e-07
2742	9.6278e-07
2743	9.61392e-07
2744	9.59983e-07
2745	9.58567e-07
2746	9.57169e-07
2747	9.55772e-07
2748	9.5437e-07
2749	9.5298e-07
2750	9.51591e-07
2751	9.50205e-07
2752	9.48824e-07
2753	9.47446e-07
2754	9.46072e-07
2755	9.44702e-07
2756	9.43334e-07
2757	9.41971e-07
2758	9.40611e-07
2759	9.39256e-07
2760	9.37904e-07
2761	9.36563e-07
2762	9.35802e-07
2763	9.33968e-07
2764	9.33181e-07
2765	9.31552e-07
2766	9.29814e-07
2767	9.28678e-07
2768	9.2718e-07
2769	9.25727e-07
2770	9.24585e-07
2771	9.23267e-07
2772	9.21932e-07
2773	9.20608e-07
2774	9.19332e-07
2775	9.18007e-07
2776	9.16721e-07
2777	9.15436e-07
2778	9.14126e-07
2779	9.12847e-07
2780	9.11566e-07
2781	9.10282e-07
2782	9.09006e-07
2783	9.07732e-07
2784	9.06459e-07
2785	9.05192e-07
2786	9.03927e-07
2787	9.02665e-07
2788	9.01407e-07
2789	9.00151e-07
2790	8.98899e-07
2791	8.9765e-07
2792	8.96405e-07
2793	8.95162e-07
2794	8.93923e-07
2795	8.92686e-07
2796	8.91453e-07
2797	8.90222e-07
2798	8.88995e-07
2799	8.87771e-07
2800	8.86551e-07
2801	8.85333e-07
2802	8.84117e-07
2803	8.82904e-07
2804	8.81694e-07
2805	8.80488e-07
2806	8.79285e-07
2807	8.7809e-07
2808	8.76894e-07
2809	8.75691e-07
2810	8.74499e-07
2811	8.73315e-07
2812	8.72131e-07
2813	8.70947e-07
2814	8.69768e-07
2815	8.68592e-07
2816	8.67418e-07
2817	8.66247e-07
2818	8.65079e-07
2819	8.63914e-07
2820	8.62751e-07
2821	8.61592e-07
2822	8.60434e-07
2823	8.5928e-07
2824	8.58128e-07
2825	8.56979e-07
2826	8.55833e-07
2827	8.54689e-07
2828	8.53549e-07
2829	8.52412e-07
2830	8.51278e-07
2831	8.50147e-07
2832	8.49018e-07
2833	8.47892e-07
2834	8.46768e-07
2835	8.45646e-07
2836	8.44528e-07
2837	8.43412e-07
2838	8.42298e-07
2839	8.41188e-07
2840	8.4008e-07
2841	8.38974e-07
2842	8.37871e-07
2843	8.3677e-07
2844	8.35673e-07
2845	8.34578e-07
2846	8.33497e-07
2847	8.32387e-07
2848	8.31305e-07
2849	8.30228e-07
2850	8.29139e-07
2851	8.28062e-07
2852	8.26987e-07
2853	8.25908e-07
2854	8.24838e-07
2855	8.23768e-07
2856	8.227e-07
2857	8.21636e-07
2858	8.20573e-07
2859	8.19513e-07
2860	8.18456e-07
2861	8.174e-07
2862	8.16347e-07
2863	8.15297e-07
2864	8.14249e-07
2865	8.13203e-07
2866	8.1216e-07
2867	8.11119e-07
2868	8.1008e-07
2869	8.09043e-07
2870	8.08008e-07
2871	8.06976e-07
2872	8.05946e-07
2873	8.04919e-07
2874	8.03893e-07
2875	8.0287e-07
2876	8.01849e-07
2877	8.0083e-07
2878	7.99813e-07
2879	7.98799e-07
2880	7.97787e-07
2881	7.96776e-07
2882	7.95768e-07
2883	7.94762e-07
2884	7.93757e-07
2885	7.92754e-07
2886	7.91754e-07
2887	7.90755e-07
2888	7.89758e-07
2889	7.88793e-07
2890	7.8778e-07
2891	7.86776e-07
2892	7.85789e-07
2893	7.84806e-07
2894	7.83815e-07
2895	7.82832e-07
2896	7.8185e-07
2897	7.80866e-07
2898	7.79886e-07
2899	7.78907e-07
2900	7.77929e-07
2901	7.76952e-07
2902	7.75976e-07
2903	7.75001e-07
2904	7.74027e-07
2905	7.73054e-07
2906	7.72081e-07
2907	7.71109e-07
2908	7.70137e-07
2909	7.69165e-07
2910	7.68194e-07
2911	7.67223e-07
2912	7.66251e-07
2913	7.65278e-07
2914	7.64304e-07
2915	7.6333e-07
2916	7.62354e-07
2917	7.61376e-07
2918	7.60395e-07
2919	7.59412e-07
2920	7.58426e-07
2921	7.57461e-07
2922	7.56421e-07
2923	7.55463e-07
2924	7.54406e-07
2925	7.53487e-07
2926	7.56482e-07
2927	7.51801e-07
2928	7.53051e-07
2929	7.52975e-07
2930	7.4822e-07
2931	7.51052e-07
2932	7.47619e-07
2933	7.49069e-07
2934	7.46092e-07
2935	7.43711e-07
2936	7.47745e-07
2937	7.44244e-07
2938	7.41972e-07
2939	7.41162e-07
2940	7.44372e-07
2941	7.45697e-07
2942	7.42149e-07
2943	7.36416e-07
2944	7.37087e-07
2945	7.38176e-07
2946	7.41642e-07
2947	7.38108e-07
2948	7.36753e-07
2949	7.32646e-07
2950	7.32721e-07
2951	7.37597e-07
2952	7.33864e-07
2953	7.2877e-07
2954	7.30288e-07
2955	7.29692e-07
2956	7.28354e-07
2957	7.27496e-07
2958	7.26511e-07
2959	7.25629e-07
2960	7.24754e-07
2961	7.23876e-07
2962	7.22977e-07
2963	7.22117e-07
2964	7.2122e-07
2965	7.20336e-07
2966	7.19483e-07
2967	7.18607e-07
2968	7.17741e-07
2969	7.16879e-07
2970	7.16019e-07
2971	7.15164e-07
2972	7.14311e-07
2973	7.13459e-07
2974	7.12611e-07
2975	7.11765e-07
2976	7.10921e-07
2977	7.1008e-07
2978	7.09242e-07
2979	7.08405e-07
2980	7.07571e-07
2981	7.06739e-07
2982	7.05908e-07
2983	7.0508e-07
2984	7.04255e-07
2985	7.03432e-07
2986	7.02611e-07
2987	7.01793e-07
2988	7.00975e-07
2989	7.0016e-07
2990	6.99347e-07
2991	6.98536e-07
2992	6.97726e-07
2993	6.96919e-07
2994	6.96112e-07
2995	6.95308e-07
2996	6.94507e-07
2997	6.93707e-07
2998	6.92909e-07
2999	6.92113e-07
3000	6.91318e-07
3001	6.90525e-07
3002	6.89734e-07
3003	6.88944e-07
3004	6.88156e-07
3005	6.8737e-07
3006	6.86585e-07
3007	6.85802e-07
3008	6.8502e-07
3009	6.8424e-07
3010	6.83462e-07
3011	6.82685e-07
3012	6.8191e-07
3013	6.81137e-07
3014	6.80365e-07
3015	6.79595e-07
3016	6.78826e-07
3017	6.78058e-07
3018	6.77292e-07
3019	6.76527e-07
3020	6.75764e-07
3021	6.75003e-07
3022	6.74243e-07
3023	6.73485e-07
3024	6.72728e-07
3025	6.71972e-07
3026	6.71218e-07
3027	6.70465e-07
3028	6.69714e-07
3029	6.68991e-07
3030	6.68217e-07
3031	6.67468e-07
3032	6.66723e-07
3033	6.65982e-07
3034	6.65229e-07
3035	6.64501e-07
3036	6.63752e-07
3037	6.63016e-07
3038	6.62276e-07
3039	6.61547e-07
3040	6.60805e-07
3041	6.60074e-07
3042	6.59342e-07
3043	6.58611e-07
3044	6.57881e-07
3045	6.57154e-07
3046	6.56426e-07
3047	6.55702e-07
3048	6.54977e-07
3049	6.54254e-07
3050	6.53532e-07
3051	6.52812e-07
3052	6.52093e-07
3053	6.51375e-07
3054	6.50658e-07
3055	6.5017e-07
3056	6.49358e-07
3057	6.48442e-07
3058	6.47777e-07
3059	6.47113e-07
3060	6.46394e-07
3061	6.45668e-07
3062	6.44981e-07
3063	6.44248e-07
3064	6.43568e-07
3065	6.42862e-07
3066	6.42155e-07
3067	6.3869e-07
3068	6.41609e-07
3069	6.37874e-07
3070	6.37177e-07
3071	6.37159e-07
3072	6.36252e-07
3073	6.35675e-07
3074	6.3492e-07
3075	6.3423e-07
3076	6.33592e-07
3077	6.32851e-07
3078	6.32224e-07
3079	6.31554e-07
3080	6.30863e-07
3081	6.30188e-07
3082	6.29521e-07
3083	6.28851e-07
3084	6.28182e-07
3085	6.27511e-07
3086	6.26843e-07
3087	6.26178e-07
3088	6.2551e-07
3089	6.24846e-07
3090	6.24182e-07
3091	6.23518e-07
3092	6.22856e-07
3093	6.22195e-07
3094	6.21534e-07
3095	6.20874e-07
3096	6.20215e-07
3097	6.19557e-07
3098	6.189e-07
3099	6.18244e-07
3100	6.17589e-07
3101	6.16935e-07
3102	6.16281e-07
3103	6.15629e-07
3104	6.14977e-07
3105	6.14326e-07
3106	6.13676e-07
3107	6.13027e-07
3108	6.12379e-07
3109	6.11735e-07
3110	6.11081e-07
3111	6.10437e-07
3112	6.098e-07
3113	6.09148e-07
3114	6.08505e-07
3115	6.07866e-07
3116	6.07225e-07
3117	6.06581e-07
3118	6.05943e-07
3119	6.05305e-07
3120	6.04666e-07
3121	6.04029e-07
3122	6.03393e-07
3123	6.02758e-07
3124	6.02123e-07
3125	6.01489e-07
3126	6.00857e-07
3127	6.00224e-07
3128	5.99593e-07
3129	5.98963e-07
3130	5.98333e-07
3131	5.97705e-07
3132	5.97077e-07
3133	5.9645e-07
3134	5.95824e-07
3135	5.95198e-07
3136	5.94573e-07
3137	5.9395e-07
3138	5.93327e-07
3139	5.92705e-07
3140	5.92084e-07
3141	5.91463e-07
3142	5.90843e-07
3143	5.90225e-07
3144	5.89607e-07
3145	5.88989e-07
3146	5.88373e-07
3147	5.87757e-07
3148	5.87142e-07
3149	5.86528e-07
3150	5.85915e-07
3151	5.85302e-07
3152	5.84691e-07
3153	5.8408e-07
3154	5.8347e-07
3155	5.8286e-07
3156	5.82252e-07
3157	5.81644e-07
3158	5.81037e-07
3159	5.80431e-07
3160	5.79825e-07
3161	5.79221e-07
3162	5.78617e-07
3163	5.78013e-07
3164	5.77411e-07
3165	5.76809e-07
3166	5.76208e-07
3167	5.75608e-07
3168	5.75009e-07
3169	5.7441e-07
3170	5.73812e-07
3171	5.73215e-07
3172	5.72619e-07
3173	5.72023e-07
3174	5.71428e-07
3175	5.70834e-07
3176	5.7024e-07
3177	5.69655e-07
3178	5.69052e-07
3179	5.68468e-07
3180	5.67874e-07
3181	5.67279e-07
3182	5.66695e-07
3183	5.66112e-07
3184	5.65517e-07
3185	5.64931e-07
3186	5.64348e-07
3187	5.6376e-07
3188	5.63175e-07
3189	5.62592e-07
3190	5.62008e-07
3191	5.61425e-07
3192	5.60843e-07
3193	5.60262e-07
3194	5.59681e-07
3195	5.59108e-07
3196	5.58517e-07
3197	5.57945e-07
3198	5.57367e-07
3199	5.56789e-07
3200	5.5621e-07
3201	5.55637e-07
3202	5.55062e-07
3203	5.54485e-07
3204	5.53913e-07
3205	5.5334e-07
3206	5.52764e-07
3207	5.52194e-07
3208	5.51627e-07
3209	5.51051e-07
3210	5.50483e-07
3211	5.49914e-07
3212	5.49347e-07
3213	5.48776e-07
3214	5.48211e-07
3215	5.47643e-07
3216	5.47078e-07
3217	5.46512e-07
3218	5.45948e-07
3219	5.45384e-07
3220	5.44821e-07
3221	5.44258e-07
3222	5.43696e-07
3223	5.43134e-07
3224	5.42574e-07
3225	5.42013e-07
3226	5.41454e-07
3227	5.40895e-07
3228	5.40337e-07
3229	5.39779e-07
3230	5.39222e-07
3231	5.38666e-07
3232	5.3811e-07
3233	5.37555e-07
3234	5.37e-07
3235	5.36446e-07
3236	5.35893e-07
3237	5.3534e-07
3238	5.34788e-07
3239	5.34237e-07
3240	5.33686e-07
3241	5.33136e-07
3242	5.32586e-07
3243	5.32037e-07
3244	5.31489e-07
3245	5.30941e-07
3246	5.30394e-07
3247	5.29847e-07
3248	5.29301e-07
3249	5.28755e-07
3250	5.28211e-07
3251	5.27666e-07
3252	5.27123e-07
3253	5.2658e-07
3254	5.26037e-07
3255	5.25496e-07
3256	5.24954e-07
3257	5.24414e-07
3258	5.23874e-07
3259	5.23334e-07
3260	5.22795e-07
3261	5.22257e-07
3262	5.21719e-07
3263	5.21182e-07
3264	5.20646e-07
3265	5.2011e-07
3266	5.19574e-07
3267	5.1904e-07
3268	5.18505e-07
3269	5.17972e-07
3270	5.17439e-07
3271	5.16908e-07
3272	5.16378e-07
3273	5.15845e-07
3274	5.15317e-07
3275	5.14775e-07
3276	5.1426e-07
3277	5.13726e-07
3278	5.13198e-07
3279	5.12667e-07
3280	5.12144e-07
3281	5.11615e-07
3282	5.11089e-07
3283	5.10564e-07
3284	5.1004e-07
3285	5.09515e-07
3286	5.08991e-07
3287	5.08468e-07
3288	5.07945e-07
3289	5.07423e-07
3290	5.06901e-07
3291	5.0638e-07
3292	5.05862e-07
3293	5.0534e-07
3294	5.0482e-07
3295	5.04303e-07
3296	5.03785e-07
3297	5.03266e-07
3298	5.0275e-07
3299	5.02234e-07
3300	5.01718e-07
3301	5.01202e-07
3302	5.00688e-07
3303	5.00173e-07
3304	4.9966e-07
3305	4.99147e-07
3306	4.98634e-07
3307	4.98122e-07
3308	4.97611e-07
3309	4.971e-07
3310	4.9659e-07
3311	4.9608e-07
3312	4.95571e-07
3313	4.95062e-07
3314	4.94554e-07
3315	4.94046e-07
3316	4.93539e-07
3317	4.93033e-07
3318	4.92527e-07
3319	4.92022e-07
3320	4.91517e-07
3321	4.91013e-07
3322	4.90509e-07
3323	4.90006e-07
3324	4.89503e-07
3325	4.89001e-07
3326	4.885e-07
3327	4.88001e-07
3328	4.875e-07
3329	4.87e-07
3330	4.86499e-07
3331	4.86001e-07
3332	4.85503e-07
3333	4.85005e-07
3334	4.84507e-07
3335	4.84011e-07
3336	4.83515e-07
3337	4.83019e-07
3338	4.82524e-07
3339	4.8203e-07
3340	4.81536e-07
3341	4.81042e-07
3342	4.80549e-07
3343	4.80057e-07
3344	4.79565e-07
3345	4.79074e-07
3346	4.78583e-07
3347	4.78093e-07
3348	4.77603e-07
3349	4.77114e-07
3350	4.76625e-07
3351	4.76137e-07
3352	4.7565e-07
3353	4.75163e-07
3354	4.74676e-07
3355	4.7419e-07
3356	4.73704e-07
3357	4.7322e-07
3358	4.72735e-07
3359	4.72251e-07
3360	4.71768e-07
3361	4.71285e-07
3362	4.70803e-07
3363	4.70321e-07
3364	4.6984e-07
3365	4.69359e-07
3366	4.68879e-07
3367	4.68399e-07
3368	4.6792e-07
3369	4.67441e-07
3370	4.66963e-07
3371	4.66485e-07
3372	4.66008e-07
3373	4.65531e-07
3374	4.65055e-07
3375	4.6458e-07
3376	4.64105e-07
3377	4.6363e-07
3378	4.63156e-07
3379	4.62682e-07
3380	4.62209e-07
3381	4.61737e-07
3382	4.61265e-07
3383	4.60793e-07
3384	4.60322e-07
3385	4.59852e-07
3386	4.59382e-07
3387	4.58912e-07
3388	4.58443e-07
3389	4.57975e-07
3390	4.57507e-07
3391	4.57039e-07
3392	4.56576e-07
3393	4.56105e-07
3394	4.55641e-07
3395	4.55165e-07
3396	4.54717e-07
3397	4.54244e-07
3398	4.53782e-07
3399	4.53315e-07
3400	4.52858e-07
3401	4.52391e-07
3402	4.51931e-07
3403	4.51469e-07
3404	4.51009e-07
3405	4.50547e-07
3406	4.50088e-07
3407	4.49628e-07
3408	4.4917e-07
3409	4.4871e-07
3410	4.48253e-07
3411	4.47795e-07
3412	4.47338e-07
3413	4.46882e-07
3414	4.46426e-07
3415	4.4597e-07
3416	4.45515e-07
3417	4.4506e-07
3418	4.44606e-07
3419	4.44153e-07
3420	4.437e-07
3421	4.43247e-07
3422	4.42795e-07
3423	4.42343e-07
3424	4.41892e-07
3425	4.41441e-07
3426	4.40991e-07
3427	4.40542e-07
3428	4.40092e-07
3429	4.39644e-07
3430	4.39195e-07
3431	4.38748e-07
3432	4.383e-07
3433	4.37854e-07
3434	4.37407e-07
3435	4.36961e-07
3436	4.36516e-07
3437	4.36071e-07
3438	4.35627e-07
3439	4.35183e-07
3440	4.34739e-07
3441	4.34296e-07
3442	4.33853e-07
3443	4.33411e-07
3444	4.3297e-07
3445	4.32529e-07
3446	4.32088e-07
3447	4.31648e-07
3448	4.31208e-07
3449	4.30769e-07
3450	4.3033e-07
3451	4.29892e-07
3452	4.29454e-07
3453	4.29016e-07
3454	4.28579e-07
3455	4.28143e-07
3456	4.27707e-07
3457	4.27271e-07
3458	4.26836e-07
3459	4.26402e-07
3460	4.25968e-07
3461	4.25534e-07
3462	4.25101e-07
3463	4.24668e-07
3464	4.24236e-07
3465	4.23804e-07
3466	4.23372e-07
3467	4.22941e-07
3468	4.22511e-07
3469	4.22081e-07
3470	4.21651e-07
3471	4.21222e-07
3472	4.20794e-07
3473	4.20365e-07
3474	4.19938e-07
3475	4.1951e-07
3476	4.19084e-07
3477	4.18657e-07
3478	4.18231e-07
3479	4.17806e-07
3480	4.17381e-07
3481	4.16956e-07
3482	4.16532e-07
3483	4.16108e-07
3484	4.15685e-07
3485	4.15262e-07
3486	4.1484e-07
3487	4.14418e-07
3488	4.13997e-07
3489	4.13576e-07
3490	4.13155e-07
3491	4.12735e-07
3492	4.12315e-07
3493	4.11896e-07
3494	4.11477e-07
3495	4.11059e-07
3496	4.10641e-07
3497	4.10224e-07
3498	4.09807e-07
3499	4.0939e-07
3500	4.08974e-07
3501	4.08558e-07
3502	4.08143e-07
3503	4.07728e-07
3504	4.07314e-07
3505	4.069e-07
3506	4.06487e-07
3507	4.06074e-07
3508	4.05661e-07
3509	4.05249e-07
3510	4.04837e-07
3511	4.04426e-07
3512	4.04015e-07
3513	4.03605e-07
3514	4.03195e-07
3515	4.02785e-07
3516	4.02376e-07
3517	4.01967e-07
3518	4.01559e-07
3519	4.01151e-07
3520	4.00744e-07
3521	4.00336e-07
3522	3.99932e-07
3523	3.99523e-07
3524	3.99119e-07
3525	3.98712e-07
3526	3.98309e-07
3527	3.97904e-07
3528	3.975e-07
3529	3.97096e-07
3530	3.96693e-07
3531	3.9629e-07
3532	3.95888e-07
3533	3.95486e-07
3534	3.95085e-07
3535	3.94684e-07
3536	3.94283e-07
3537	3.93883e-07
3538	3.93484e-07
3539	3.93084e-07
3540	3.92685e-07
3541	3.92287e-07
3542	3.91889e-07
3543	3.91491e-07
3544	3.91094e-07
3545	3.90697e-07
3546	3.90301e-07
3547	3.89905e-07
3548	3.89509e-07
3549	3.89114e-07
3550	3.88719e-07
3551	3.88325e-07
3552	3.87931e-07
3553	3.87538e-07
3554	3.87145e-07
3555	3.86752e-07
3556	3.8636e-07
3557	3.85968e-07
3558	3.85577e-07
3559	3.85186e-07
3560	3.84795e-07
3561	3.84405e-07
3562	3.84015e-07
3563	3.83626e-07
3564	3.83237e-07
3565	3.82848e-07
3566	3.8246e-07
3567	3.82072e-07
3568	3.81685e-07
3569	3.81298e-07
3570	3.80912e-07
3571	3.80526e-07
3572	3.8014e-07
3573	3.79755e-07
3574	3.7937e-07
3575	3.78985e-07
3576	3.78601e-07
3577	3.78218e-07
3578	3.77834e-07
3579	3.77451e-07
3580	3.77069e-07
3581	3.76687e-07
3582	3.76305e-07
3583	3.75924e-07
3584	3.75543e-07
3585	3.75163e-07
3586	3.74783e-07
3587	3.74403e-07
3588	3.74024e-07
3589	3.73645e-07
3590	3.73266e-07
3591	3.72888e-07
3592	3.72511e-07
3593	3.72133e-07
3594	3.71757e-07
3595	3.7138e-07
3596	3.71004e-07
3597	3.70628e-07
3598	3.70253e-07
3599	3.69878e-07
3600	3.69504e-07
3601	3.69129e-07
3602	3.68756e-07
3603	3.68382e-07
3604	3.68009e-07
3605	3.67637e-07
3606	3.67265e-07
3607	3.66893e-07
3608	3.66522e-07
3609	3.6615e-07
3610	3.6578e-07
3611	3.6541e-07
3612	3.6504e-07
3613	3.6467e-07
3614	3.64301e-07
3615	3.63933e-07
3616	3.63564e-07
3617	3.63196e-07
3618	3.62829e-07
3619	3.62462e-07
3620	3.62095e-07
3621	3.61729e-07
3622	3.61363e-07
3623	3.60997e-07
3624	3.60632e-07
3625	3.60267e-07
3626	3.59902e-07
3627	3.59538e-07
3628	3.59175e-07
3629	3.58811e-07
3630	3.58448e-07
3631	3.58086e-07
3632	3.57724e-07
3633	3.57362e-07
3634	3.57e-07
3635	3.56639e-07
3636	3.56279e-07
3637	3.55918e-07
3638	3.55558e-07
3639	3.55199e-07
3640	3.5484e-07
3641	3.54481e-07
3642	3.54122e-07
3643	3.53765e-07
3644	3.53407e-07
3645	3.5305e-07
3646	3.52693e-07
3647	3.52336e-07
3648	3.5198e-07
3649	3.51624e-07
3650	3.51269e-07
3651	3.50913e-07
3652	3.50559e-07
3653	3.50204e-07
3654	3.4985e-07
3655	3.49497e-07
3656	3.49144e-07
3657	3.48791e-07
3658	3.48546e-07
3659	3.4821e-07
3660	3.47673e-07
3661	3.47433e-07
3662	3.47101e-07
3663	3.46781e-07
3664	3.46416e-07
3665	3.45948e-07
3666	3.45647e-07
3667	3.4546e-07
3668	3.4512e-07
3669	3.44519e-07
3670	3.44222e-07
3671	3.44137e-07
3672	3.43616e-07
3673	3.43236e-07
3674	3.42677e-07
3675	3.42562e-07
3676	3.42241e-07
3677	3.41889e-07
3678	3.41504e-07
3679	3.41099e-07
3680	3.40755e-07
3681	3.4043e-07
3682	3.40075e-07
3683	3.39764e-07
3684	3.39383e-07
3685	3.39059e-07
3686	3.38718e-07
3687	3.3837e-07
3688	3.38033e-07
3689	3.3769e-07
3690	3.37348e-07
3691	3.3701e-07
3692	3.36667e-07
3693	3.36329e-07
3694	3.35989e-07
3695	3.3565e-07
3696	3.35311e-07
3697	3.34973e-07
3698	3.34634e-07
3699	3.34297e-07
3700	3.33959e-07
3701	3.33622e-07
3702	3.33285e-07
3703	3.32949e-07
3704	3.32613e-07
3705	3.32278e-07
3706	3.31942e-07
3707	3.31607e-07
3708	3.31272e-07
3709	3.30938e-07
3710	3.30604e-07
3711	3.30271e-07
3712	3.29937e-07
3713	3.29605e-07
3714	3.29272e-07
3715	3.2894e-07
3716	3.28608e-07
3717	3.28276e-07
3718	3.27945e-07
3719	3.27614e-07
3720	3.27284e-07
3721	3.26954e-07
3722	3.26624e-07
3723	3.26294e-07
3724	3.25965e-07
3725	3.25636e-07
3726	3.25308e-07
3727	3.2498e-07
3728	3.24652e-07
3729	3.24325e-07
3730	3.23997e-07
3731	3.23671e-07
3732	3.23344e-07
3733	3.23018e-07
3734	3.22693e-07
3735	3.22367e-07
3736	3.22042e-07
3737	3.21717e-07
3738	3.21393e-07
3739	3.21069e-07
3740	3.20745e-07
3741	3.20422e-07
3742	3.20099e-07
3743	3.19776e-07
3744	3.19454e-07
3745	3.19132e-07
3746	3.1881e-07
3747	3.18489e-07
3748	3.18167e-07
3749	3.17847e-07
3750	3.17526e-07
3751	3.17206e-07
3752	3.16887e-07
3753	3.16567e-07
3754	3.16248e-07
3755	3.15929e-07
3756	3.15611e-07
3757	3.15293e-07
3758	3.14975e-07
3759	3.14658e-07
3760	3.14341e-07
3761	3.14024e-07
3762	3.13708e-07
3763	3.13392e-07
3764	3.13076e-07
3765	3.1276e-07
3766	3.12445e-07
3767	3.1213e-07
3768	3.11816e-07
3769	3.11502e-07
3770	3.11188e-07
3771	3.10874e-07
3772	3.10561e-07
3773	3.10248e-07
3774	3.09936e-07
3775	3.09649e-07
3776	3.09359e-07
3777	3.0894e-07
3778	3.0869e-07
3779	3.08403e-07
3780	3.08048e-07
3781	3.07763e-07
3782	3.07447e-07
3783	3.07136e-07
3784	3.06827e-07
3785	3.0652e-07
3786	3.06209e-07
3787	3.05903e-07
3788	3.05592e-07
3789	3.05287e-07
3790	3.04978e-07
3791	3.04672e-07
3792	3.04364e-07
3793	3.04059e-07
3794	3.03751e-07
3795	3.03447e-07
3796	3.0314e-07
3797	3.02836e-07
3798	3.0253e-07
3799	3.02227e-07
3800	3.01921e-07
3801	3.01618e-07
3802	3.01314e-07
3803	3.01012e-07
3804	3.00707e-07
3805	3.00406e-07
3806	3.00102e-07
3807	2.99801e-07
3808	2.99498e-07
3809	2.99198e-07
3810	2.98896e-07
3811	2.98596e-07
3812	2.98294e-07
3813	2.97995e-07
3814	2.97694e-07
3815	2.97396e-07
3816	2.97095e-07
3817	2.96797e-07
3818	2.96498e-07
3819	2.96201e-07
3820	2.95901e-07
3821	2.95605e-07
3822	2.95306e-07
3823	2.9501e-07
3824	2.94712e-07
3825	2.94417e-07
3826	2.94119e-07
3827	2.93824e-07
3828	2.93528e-07
3829	2.93234e-07
3830	2.92937e-07
3831	2.92644e-07
3832	2.92348e-07
3833	2.92055e-07
3834	2.9176e-07
3835	2.91468e-07
3836	2.91174e-07
3837	2.90882e-07
3838	2.90588e-07
3839	2.90297e-07
3840	2.90004e-07
3841	2.89713e-07
3842	2.89421e-07
3843	2.89131e-07
3844	2.88839e-07
3845	2.88549e-07
3846	2.88258e-07
3847	2.8797e-07
3848	2.87679e-07
3849	2.8739e-07
3850	2.871e-07
3851	2.86813e-07
3852	2.86523e-07
3853	2.86236e-07
3854	2.85947e-07
3855	2.85661e-07
3856	2.85372e-07
3857	2.85087e-07
3858	2.84799e-07
3859	2.84514e-07
3860	2.84226e-07
3861	2.83942e-07
3862	2.83655e-07
3863	2.83371e-07
3864	2.83096e-07
3865	2.82842e-07
3866	2.82466e-07
3867	2.82239e-07
3868	2.81959e-07
3869	2.81654e-07
3870	2.81387e-07
3871	2.811e-07
3872	2.80813e-07
3873	2.80555e-07
3874	2.80296e-07
3875	2.79912e-07
3876	2.7969e-07
3877	2.79438e-07
3878	2.79104e-07
3879	2.78852e-07
3880	2.78566e-07
3881	2.78283e-07
3882	2.78007e-07
3883	2.77728e-07
3884	2.77447e-07
3885	2.7717e-07
3886	2.76889e-07
3887	2.76613e-07
3888	2.76333e-07
3889	2.76058e-07
3890	2.75778e-07
3891	2.75503e-07
3892	2.75224e-07
3893	2.7495e-07
3894	2.74672e-07
3895	2.74397e-07
3896	2.7412e-07
3897	2.73846e-07
3898	2.73569e-07
3899	2.73296e-07
3900	2.7302e-07
3901	2.72747e-07
3902	2.72472e-07
3903	2.722e-07
3904	2.71924e-07
3905	2.71653e-07
3906	2.71378e-07
3907	2.71108e-07
3908	2.70834e-07
3909	2.70563e-07
3910	2.7029e-07
3911	2.7002e-07
3912	2.69747e-07
3913	2.69478e-07
3914	2.69205e-07
3915	2.68937e-07
3916	2.68665e-07
3917	2.68397e-07
3918	2.68126e-07
3919	2.67858e-07
3920	2.67587e-07
3921	2.6732e-07
3922	2.6705e-07
3923	2.66784e-07
3924	2.66514e-07
3925	2.66248e-07
3926	2.65979e-07
3927	2.65714e-07
3928	2.65445e-07
3929	2.65181e-07
3930	2.64912e-07
3931	2.64648e-07
3932	2.64381e-07
3933	2.64117e-07
3934	2.6385e-07
3935	2.63587e-07
3936	2.6332e-07
3937	2.63058e-07
3938	2.62792e-07
3939	2.6253e-07
3940	2.62264e-07
3941	2.62003e-07
3942	2.61738e-07
3943	2.61477e-07
3944	2.61213e-07
3945	2.60953e-07
3946	2.60689e-07
3947	2.60429e-07
3948	2.60166e-07
3949	2.59906e-07
3950	2.59644e-07
3951	2.59385e-07
3952	2.59123e-07
3953	2.58865e-07
3954	2.58603e-07
3955	2.58345e-07
3956	2.58084e-07
3957	2.57827e-07
3958	2.57566e-07
3959	2.5731e-07
3960	2.57049e-07
3961	2.56793e-07
3962	2.56534e-07
3963	2.56278e-07
3964	2.56019e-07
3965	2.55764e-07
3966	2.55505e-07
3967	2.55251e-07
3968	2.54993e-07
3969	2.54739e-07
3970	2.54482e-07
3971	2.54228e-07
3972	2.53971e-07
3973	2.53718e-07
3974	2.53462e-07
3975	2.53209e-07
3976	2.52953e-07
3977	2.52702e-07
3978	2.52446e-07
3979	2.52195e-07
3980	2.51939e-07
3981	2.51689e-07
3982	2.51434e-07
3983	2.51184e-07
3984	2.5093e-07
3985	2.5068e-07
3986	2.50427e-07
3987	2.50178e-07
3988	2.49925e-07
3989	2.49676e-07
3990	2.49423e-07
3991	2.49175e-07
3992	2.48923e-07
3993	2.48676e-07
3994	2.48424e-07
3995	2.48177e-07
3996	2.47926e-07
3997	2.4768e-07
3998	2.47429e-07
3999	2.47185e-07
4000	2.46933e-07
4001	2.4669e-07
4002	2.46433e-07
4003	2.46196e-07
4004	2.45943e-07
4005	2.45699e-07
4006	2.45451e-07
4007	2.45207e-07
4008	2.44958e-07
4009	2.44715e-07
4010	2.44468e-07
4011	2.44225e-07
4012	2.43978e-07
4013	2.43735e-07
4014	2.43489e-07
4015	2.43247e-07
4016	2.43e-07
4017	2.42759e-07
4018	2.42513e-07
4019	2.42273e-07
4020	2.42027e-07
4021	2.41787e-07
4022	2.41542e-07
4023	2.41302e-07
4024	2.41058e-07
4025	2.40819e-07
4026	2.40575e-07
4027	2.40336e-07
4028	2.40093e-07
4029	2.39855e-07
4030	2.39612e-07
4031	2.39374e-07
4032	2.39131e-07
4033	2.38894e-07
4034	2.38652e-07
4035	2.38415e-07
4036	2.38174e-07
4037	2.37938e-07
4038	2.37697e-07
4039	2.37461e-07
4040	2.37221e-07
4041	2.36985e-07
4042	2.36745e-07
4043	2.3651e-07
4044	2.36271e-07
4045	2.36036e-07
4046	2.35797e-07
4047	2.35563e-07
4048	2.35325e-07
4049	2.35092e-07
4050	2.34853e-07
4051	2.34621e-07
4052	2.34383e-07
4053	2.34151e-07
4054	2.33913e-07
4055	2.33681e-07
4056	2.33445e-07
4057	2.33213e-07
4058	2.32977e-07
4059	2.32746e-07
4060	2.3251e-07
4061	2.3228e-07
4062	2.32045e-07
4063	2.31814e-07
4064	2.3158e-07
4065	2.3135e-07
4066	2.31116e-07
4067	2.30887e-07
4068	2.30653e-07
4069	2.30424e-07
4070	2.30191e-07
4071	2.29963e-07
4072	2.2973e-07
4073	2.29502e-07
4074	2.2927e-07
4075	2.29043e-07
4076	2.28811e-07
4077	2.28584e-07
4078	2.28352e-07
4079	2.28126e-07
4080	2.27895e-07
4081	2.27669e-07
4082	2.27439e-07
4083	2.27213e-07
4084	2.26983e-07
4085	2.26758e-07
4086	2.26529e-07
4087	2.26304e-07
4088	2.26075e-07
4089	2.25851e-07
4090	2.25622e-07
4091	2.25399e-07
4092	2.25171e-07
4093	2.24947e-07
4094	2.24721e-07
4095	2.24498e-07
4096	2.24268e-07
4097	2.24047e-07
4098	2.2382e-07
4099	2.236e-07
4100	2.23372e-07
4101	2.23151e-07
4102	2.22926e-07
4103	2.22704e-07
4104	2.22479e-07
4105	2.22258e-07
4106	2.22034e-07
4107	2.21813e-07
4108	2.21589e-07
4109	2.2137e-07
4110	2.21146e-07
4111	2.20926e-07
4112	2.20703e-07
4113	2.20484e-07
4114	2.20261e-07
4115	2.20043e-07
4116	2.1982e-07
4117	2.19602e-07
4118	2.1938e-07
4119	2.19163e-07
4120	2.18941e-07
4121	2.18724e-07
4122	2.18503e-07
4123	2.18286e-07
4124	2.18065e-07
4125	2.17849e-07
4126	2.17629e-07
4127	2.17413e-07
4128	2.17193e-07
4129	2.16978e-07
4130	2.16758e-07
4131	2.16544e-07
4132	2.16325e-07
4133	2.1611e-07
4134	2.15892e-07
4135	2.15678e-07
4136	2.1546e-07
4137	2.15246e-07
4138	2.15028e-07
4139	2.14815e-07
4140	2.14598e-07
4141	2.14385e-07
4142	2.14169e-07
4143	2.13956e-07
4144	2.1374e-07
4145	2.13528e-07
4146	2.13312e-07
4147	2.13508e-07
4148	2.13003e-07
4149	2.1275e-07
4150	2.12326e-07
4151	2.12235e-07
4152	2.12063e-07
4153	2.11859e-07
4154	2.11616e-07
4155	2.11396e-07
4156	2.11186e-07
4157	2.1097e-07
4158	2.10775e-07
4159	2.10554e-07
4160	2.10345e-07
4161	2.10135e-07
4162	2.09925e-07
4163	2.09713e-07
4164	2.09506e-07
4165	2.09294e-07
4166	2.09087e-07
4167	2.08875e-07
4168	2.08669e-07
4169	2.08457e-07
4170	2.08251e-07
4171	2.08041e-07
4172	2.07835e-07
4173	2.07624e-07
4174	2.07419e-07
4175	2.07209e-07
4176	2.07004e-07
4177	2.06795e-07
4178	2.0659e-07
4179	2.06381e-07
4180	2.06177e-07
4181	2.05968e-07
4182	2.05764e-07
4183	2.05556e-07
4184	2.05353e-07
4185	2.05145e-07
4186	2.04942e-07
4187	2.04735e-07
4188	2.04532e-07
4189	2.04325e-07
4190	2.04123e-07
4191	2.03917e-07
4192	2.03715e-07
4193	2.03509e-07
4194	2.03308e-07
4195	2.03102e-07
4196	2.02901e-07
4197	2.02696e-07
4198	2.02495e-07
4199	2.02291e-07
4200	2.0209e-07
4201	2.01886e-07
4202	2.01687e-07
4203	2.01482e-07
4204	2.01283e-07
4205	2.01079e-07
4206	2.00881e-07
4207	2.00677e-07
4208	2.00479e-07
4209	2.00276e-07
4210	2.00078e-07
4211	1.99876e-07
4212	1.99678e-07
4213	1.99476e-07
4214	1.99279e-07
4215	1.99077e-07
4216	1.98881e-07
4217	1.98679e-07
4218	1.98483e-07
4219	1.98282e-07
4220	1.98086e-07
4221	1.97886e-07
4222	1.9769e-07
4223	1.9749e-07
4224	1.97295e-07
4225	1.97095e-07
4226	1.969e-07
4227	1.96701e-07
4228	1.96507e-07
4229	1.96308e-07
4230	1.96114e-07
4231	1.95915e-07
4232	1.95722e-07
4233	1.95524e-07
4234	1.9533e-07
4235	1.95133e-07
4236	1.9494e-07
4237	1.94743e-07
4238	1.9455e-07
4239	1.94354e-07
4240	1.94161e-07
4241	1.93965e-07
4242	1.93773e-07
4243	1.93577e-07
4244	1.93386e-07
4245	1.9319e-07
4246	1.92999e-07
4247	1.92804e-07
4248	1.92613e-07
4249	1.92419e-07
4250	1.92228e-07
4251	1.92034e-07
4252	1.91844e-07
4253	1.9165e-07
4254	1.91461e-07
4255	1.91267e-07
4256	1.91078e-07
4257	1.90885e-07
4258	1.90696e-07
4259	1.90503e-07
4260	1.90315e-07
4261	1.90123e-07
4262	1.89935e-07
4263	1.89743e-07
4264	1.89555e-07
4265	1.89363e-07
4266	1.89176e-07
4267	1.88985e-07
4268	1.88798e-07
4269	1.88607e-07
4270	1.88421e-07
4271	1.8823e-07
4272	1.88044e-07
4273	1.87854e-07
4274	1.87668e-07
4275	1.87479e-07
4276	1.87293e-07
4277	1.87104e-07
4278	1.86919e-07
4279	1.8673e-07
4280	1.86545e-07
4281	1.86357e-07
4282	1.86173e-07
4283	1.85984e-07
4284	1.858e-07
4285	1.85613e-07
4286	1.85429e-07
4287	1.85242e-07
4288	1.85059e-07
4289	1.84872e-07
4290	1.84689e-07
4291	1.84502e-07
4292	1.8432e-07
4293	1.84133e-07
4294	1.83952e-07
4295	1.83765e-07
4296	1.83584e-07
4297	1.83398e-07
4298	1.83217e-07
4299	1.83032e-07
4300	1.82851e-07
4301	1.82666e-07
4302	1.82486e-07
4303	1.82301e-07
4304	1.82121e-07
4305	1.81937e-07
4306	1.81757e-07
4307	1.81573e-07
4308	1.81394e-07
4309	1.8121e-07
4310	1.81031e-07
4311	1.80848e-07
4312	1.8067e-07
4313	1.80487e-07
4314	1.80309e-07
4315	1.80126e-07
4316	1.79948e-07
4317	1.79767e-07
4318	1.79589e-07
4319	1.79407e-07
4320	1.7923e-07
4321	1.79049e-07
4322	1.78872e-07
4323	1.78691e-07
4324	1.78515e-07
4325	1.78334e-07
4326	1.78158e-07
4327	1.77978e-07
4328	1.77802e-07
4329	1.77622e-07
4330	1.77447e-07
4331	1.77268e-07
4332	1.77092e-07
4333	1.76913e-07
4334	1.76738e-07
4335	1.7656e-07
4336	1.76386e-07
4337	1.76207e-07
4338	1.76033e-07
4339	1.75855e-07
4340	1.75681e-07
4341	1.75504e-07
4342	1.75331e-07
4343	1.75153e-07
4344	1.7498e-07
4345	1.74803e-07
4346	1.74631e-07
4347	1.74454e-07
4348	1.74282e-07
4349	1.74105e-07
4350	1.73934e-07
4351	1.73758e-07
4352	1.73586e-07
4353	1.73411e-07
4354	1.73239e-07
4355	1.73065e-07
4356	1.72894e-07
4357	1.72719e-07
4358	1.72548e-07
4359	1.72374e-07
4360	1.72204e-07
4361	1.72029e-07
4362	1.7186e-07
4363	1.71686e-07
4364	1.71516e-07
4365	1.71343e-07
4366	1.71174e-07
4367	1.71001e-07
4368	1.70832e-07
4369	1.70659e-07
4370	1.70491e-07
4371	1.70318e-07
4372	1.7015e-07
4373	1.69978e-07
4374	1.6981e-07
4375	1.69638e-07
4376	1.69471e-07
4377	1.693e-07
4378	1.69133e-07
4379	1.68962e-07
4380	1.68795e-07
4381	1.68624e-07
4382	1.68458e-07
4383	1.68287e-07
4384	1.68121e-07
4385	1.67951e-07
4386	1.67786e-07
4387	1.67616e-07
4388	1.6745e-07
4389	1.67281e-07
4390	1.67116e-07
4391	1.66947e-07
4392	1.66782e-07
4393	1.66614e-07
4394	1.66449e-07
4395	1.66281e-07
4396	1.66117e-07
4397	1.65949e-07
4398	1.65785e-07
4399	1.65617e-07
4400	1.65454e-07
4401	1.65287e-07
4402	1.65124e-07
4403	1.64957e-07
4404	1.64794e-07
4405	1.64627e-07
4406	1.64465e-07
4407	1.64299e-07
4408	1.64137e-07
4409	1.63971e-07
4410	1.63809e-07
4411	1.63643e-07
4412	1.63482e-07
4413	1.63316e-07
4414	1.63155e-07
4415	1.6299e-07
4416	1.6283e-07
4417	1.62665e-07
4418	1.62504e-07
4419	1.6234e-07
4420	1.6218e-07
4421	1.62016e-07
4422	1.61856e-07
4423	1.61693e-07
4424	1.61533e-07
4425	1.6137e-07
4426	1.6121e-07
4427	1.61047e-07
4428	1.60888e-07
4429	1.60726e-07
4430	1.60567e-07
4431	1.60405e-07
4432	1.60246e-07
4433	1.60085e-07
4434	1.59927e-07
4435	1.59765e-07
4436	1.59608e-07
4437	1.59446e-07
4438	1.59289e-07
4439	1.59128e-07
4440	1.58971e-07
4441	1.5881e-07
4442	1.58653e-07
4443	1.58493e-07
4444	1.58337e-07
4445	1.58176e-07
4446	1.58021e-07
4447	1.57861e-07
4448	1.57705e-07
4449	1.57546e-07
4450	1.5739e-07
4451	1.57231e-07
4452	1.57076e-07
4453	1.56917e-07
4454	1.56762e-07
4455	1.56604e-07
4456	1.5645e-07
4457	1.56291e-07
4458	1.56137e-07
4459	1.55979e-07
4460	1.55825e-07
4461	1.55668e-07
4462	1.55514e-07
4463	1.55357e-07
4464	1.55204e-07
4465	1.55047e-07
4466	1.54894e-07
4467	1.54737e-07
4468	1.54585e-07
4469	1.54429e-07
4470	1.54276e-07
4471	1.5412e-07
4472	1.53968e-07
4473	1.53813e-07
4474	1.53661e-07
4475	1.53506e-07
4476	1.53354e-07
4477	1.53199e-07
4478	1.53048e-07
4479	1.52893e-07
4480	1.52743e-07
4481	1.52588e-07
4482	1.52438e-07
4483	1.52284e-07
4484	1.52134e-07
4485	1.51979e-07
4486	1.5183e-07
4487	1.51676e-07
4488	1.51527e-07
4489	1.51373e-07
4490	1.51224e-07
4491	1.51072e-07
4492	1.50923e-07
4493	1.5077e-07
4494	1.50621e-07
4495	1.50469e-07
4496	1.50321e-07
4497	1.50169e-07
4498	1.50021e-07
4499	1.49869e-07
4500	1.49721e-07
4501	1.4957e-07
4502	1.49422e-07
4503	1.49271e-07
4504	1.49124e-07
4505	1.48973e-07
4506	1.48826e-07
4507	1.48676e-07
4508	1.4853e-07
4509	1.48379e-07
4510	1.48233e-07
4511	1.48083e-07
4512	1.47937e-07
4513	1.47788e-07
4514	1.47642e-07
4515	1.47493e-07
4516	1.47347e-07
4517	1.47198e-07
4518	1.47053e-07
4519	1.46904e-07
4520	1.4676e-07
4521	1.46611e-07
4522	1.46467e-07
4523	1.46318e-07
4524	1.46174e-07
4525	1.46027e-07
4526	1.45883e-07
4527	1.45735e-07
4528	1.45592e-07
4529	1.45444e-07
4530	1.45301e-07
4531	1.45154e-07
4532	1.45011e-07
4533	1.44865e-07
4534	1.44722e-07
4535	1.44575e-07
4536	1.44433e-07
4537	1.44287e-07
4538	1.44145e-07
4539	1.43999e-07
4540	1.43857e-07
4541	1.43711e-07
4542	1.4357e-07
4543	1.43425e-07
4544	1.43283e-07
4545	1.43139e-07
4546	1.42997e-07
4547	1.42853e-07
4548	1.42712e-07
4549	1.42568e-07
4550	1.42427e-07
4551	1.42283e-07
4552	1.42143e-07
4553	1.42e-07
4554	1.4186e-07
4555	1.41716e-07
4556	1.41576e-07
4557	1.41434e-07
4558	1.41294e-07
4559	1.41151e-07
4560	1.41012e-07
4561	1.40869e-07
4562	1.40731e-07
4563	1.40588e-07
4564	1.4045e-07
4565	1.40308e-07
4566	1.4017e-07
4567	1.40028e-07
4568	1.3989e-07
4569	1.39749e-07
4570	1.39611e-07
4571	1.39469e-07
4572	1.39332e-07
4573	1.39192e-07
4574	1.39054e-07
4575	1.38913e-07
4576	1.38777e-07
4577	1.38637e-07
4578	1.385e-07
4579	1.3836e-07
4580	1.38224e-07
4581	1.38084e-07
4582	1.37948e-07
4583	1.37808e-07
4584	1.37673e-07
4585	1.37533e-07
4586	1.37398e-07
4587	1.37259e-07
4588	1.37124e-07
4589	1.36985e-07
4590	1.3685e-07
4591	1.36711e-07
4592	1.36577e-07
4593	1.36439e-07
4594	1.36305e-07
4595	1.36167e-07
4596	1.36032e-07
4597	1.35895e-07
4598	1.35761e-07
4599	1.35624e-07
4600	1.3549e-07
4601	1.35354e-07
4602	1.3522e-07
4603	1.35083e-07
4604	1.3495e-07
4605	1.34814e-07
4606	1.34681e-07
4607	1.34545e-07
4608	1.34412e-07
4609	1.34276e-07
4610	1.34144e-07
4611	1.34009e-07
4612	1.33877e-07
4613	1.33741e-07
4614	1.33609e-07
4615	1.33475e-07
4616	1.33343e-07
4617	1.33208e-07
4618	1.33077e-07
4619	1.32943e-07
4620	1.32812e-07
4621	1.32677e-07
4622	1.32546e-07
4623	1.32413e-07
4624	1.32282e-07
4625	1.32148e-07
4626	1.32018e-07
4627	1.31885e-07
4628	1.31755e-07
4629	1.31621e-07
4630	1.31492e-07
4631	1.31359e-07
4632	1.3123e-07
4633	1.31097e-07
4634	1.30968e-07
4635	1.30836e-07
4636	1.30707e-07
4637	1.30574e-07
4638	1.30446e-07
4639	1.30314e-07
4640	1.30186e-07
4641	1.30054e-07
4642	1.29926e-07
4643	1.29795e-07
4644	1.29667e-07
4645	1.29536e-07
4646	1.29408e-07
4647	1.29278e-07
4648	1.2915e-07
4649	1.29019e-07
4650	1.28892e-07
4651	1.28762e-07
4652	1.28635e-07
4653	1.28505e-07
4654	1.28379e-07
4655	1.28249e-07
4656	1.28123e-07
4657	1.27993e-07
4658	1.27867e-07
4659	1.27738e-07
4660	1.27612e-07
4661	1.27483e-07
4662	1.27358e-07
4663	1.27229e-07
4664	1.27103e-07
4665	1.26975e-07
4666	1.2685e-07
4667	1.26722e-07
4668	1.26597e-07
4669	1.26469e-07
4670	1.26344e-07
4671	1.26217e-07
4672	1.26093e-07
4673	1.25965e-07
4674	1.25841e-07
4675	1.25714e-07
4676	1.2559e-07
4677	1.25463e-07
4678	1.25339e-07
4679	1.25213e-07
4680	1.25089e-07
4681	1.24963e-07
4682	1.2484e-07
4683	1.24714e-07
4684	1.24591e-07
4685	1.24465e-07
4686	1.24342e-07
4687	1.24217e-07
4688	1.24094e-07
4689	1.23969e-07
4690	1.23847e-07
4691	1.23722e-07
4692	1.236e-07
4693	1.23475e-07
4694	1.23353e-07
4695	1.23229e-07
4696	1.23107e-07
4697	1.22983e-07
4698	1.22862e-07
4699	1.22737e-07
4700	1.22617e-07
4701	1.22493e-07
4702	1.22372e-07
4703	1.22248e-07
4704	1.22128e-07
4705	1.22005e-07
4706	1.21885e-07
4707	1.21761e-07
4708	1.21641e-07
4709	1.21519e-07
4710	1.21399e-07
4711	1.21276e-07
4712	1.21157e-07
4713	1.21034e-07
4714	1.20915e-07
4715	1.20793e-07
4716	1.20674e-07
4717	1.20552e-07
4718	1.20433e-07
4719	1.20312e-07
4720	1.20193e-07
4721	1.20071e-07
4722	1.19953e-07
4723	1.19832e-07
4724	1.19714e-07
4725	1.19593e-07
4726	1.19475e-07
4727	1.19355e-07
4728	1.19237e-07
4729	1.19116e-07
4730	1.18999e-07
4731	1.18879e-07
4732	1.18762e-07
4733	1.18642e-07
4734	1.18525e-07
4735	1.18406e-07
4736	1.18289e-07
4737	1.18169e-07
4738	1.18053e-07
4739	1.17934e-07
4740	1.17818e-07
4741	1.17698e-07
4742	1.17582e-07
4743	1.17464e-07
4744	1.17348e-07
4745	1.17229e-07
4746	1.17114e-07
4747	1.16996e-07
4748	1.16881e-07
4749	1.16762e-07
4750	1.16647e-07
4751	1.1653e-07
4752	1.16415e-07
4753	1.16297e-07
4754	1.16183e-07
4755	1.16065e-07
4756	1.15951e-07
4757	1.15833e-07
4758	1.1572e-07
4759	1.15603e-07
4760	1.15489e-07
4761	1.15372e-07
4762	1.15259e-07
4763	1.15142e-07
4764	1.15029e-07
4765	1.14912e-07
4766	1.14799e-07
4767	1.14684e-07
4768	1.14571e-07
4769	1.14454e-07
4770	1.14342e-07
4771	1.14227e-07
4772	1.14114e-07
4773	1.13998e-07
4774	1.13886e-07
4775	1.13771e-07
4776	1.13659e-07
4777	1.13545e-07
4778	1.13433e-07
4779	1.13318e-07
4780	1.13206e-07
4781	1.13092e-07
4782	1.12981e-07
4783	1.12866e-07
4784	1.12755e-07
4785	1.12642e-07
4786	1.12531e-07
4787	1.12417e-07
4788	1.12306e-07
4789	1.12193e-07
4790	1.12082e-07
4791	1.11969e-07
4792	1.11859e-07
4793	1.11746e-07
4794	1.11636e-07
4795	1.11523e-07
4796	1.11413e-07
4797	1.11301e-07
4798	1.11191e-07
4799	1.11079e-07
4800	1.10969e-07
4801	1.10857e-07
4802	1.10748e-07
4803	1.10636e-07
4804	1.10527e-07
4805	1.10416e-07
4806	1.10307e-07
4807	1.10195e-07
4808	1.10087e-07
4809	1.09976e-07
4810	1.09868e-07
4811	1.09756e-07
4812	1.09648e-07
4813	1.09538e-07
4814	1.0943e-07
4815	1.09319e-07
4816	1.09211e-07
4817	1.09101e-07
4818	1.08994e-07
4819	1.08883e-07
4820	1.08776e-07
4821	1.08667e-07
4822	1.0856e-07
4823	1.0845e-07
4824	1.08343e-07
4825	1.08234e-07
4826	1.08127e-07
4827	1.08018e-07
4828	1.07911e-07
4829	1.07803e-07
4830	1.07696e-07
4831	1.07587e-07
4832	1.07482e-07
4833	1.07373e-07
4834	1.07267e-07
4835	1.07159e-07
4836	1.07053e-07
4837	1.06946e-07
4838	1.0684e-07
4839	1.06732e-07
4840	1.06627e-07
4841	1.0652e-07
4842	1.06415e-07
4843	1.06307e-07
4844	1.06202e-07
4845	1.06095e-07
4846	1.05991e-07
4847	1.05883e-07
4848	1.05779e-07
4849	1.05672e-07
4850	1.05568e-07
4851	1.05462e-07
4852	1.05358e-07
4853	1.05251e-07
4854	1.05148e-07
4855	1.05041e-07
4856	1.04938e-07
4857	1.04832e-07
4858	1.04729e-07
4859	1.04623e-07
4860	1.0452e-07
4861	1.04415e-07
4862	1.04312e-07
4863	1.04206e-07
4864	1.04104e-07
4865	1.03999e-07
4866	1.03896e-07
4867	1.03791e-07
4868	1.03689e-07
4869	1.03585e-07
4870	1.03482e-07
4871	1.03378e-07
4872	1.03276e-07
4873	1.03172e-07
4874	1.0307e-07
4875	1.02966e-07
4876	1.02865e-07
4877	1.02761e-07
4878	1.0266e-07
4879	1.02556e-07
4880	1.02455e-07
4881	1.02351e-07
4882	1.02251e-07
4883	1.02148e-07
4884	1.02047e-07
4885	1.01944e-07
4886	1.01843e-07
4887	1.01741e-07
4888	1.0164e-07
4889	1.01537e-07
4890	1.01438e-07
4891	1.01335e-07
4892	1.01235e-07
4893	1.01133e-07
4894	1.01034e-07
4895	1.00932e-07
4896	1.00832e-07
4897	1.0073e-07
4898	1.00631e-07
4899	1.0053e-07
4900	1.00431e-07
4901	1.00329e-07
4902	1.0023e-07
4903	1.00129e-07
4904	1.00031e-07
4905	9.99294e-08
4906	9.98311e-08
4907	9.97305e-08
4908	9.96322e-08
4909	9.95313e-08
4910	9.94334e-08
4911	9.93333e-08
4912	9.92354e-08
4913	9.91348e-08
4914	9.90374e-08
4915	9.89376e-08
4916	9.88401e-08
4917	9.87399e-08
4918	9.86429e-08
4919	9.85436e-08
4920	9.84463e-08
4921	9.83467e-08
4922	9.825e-08
4923	9.81511e-08
4924	9.80543e-08
4925	9.79548e-08
4926	9.78587e-08
4927	9.77602e-08
4928	9.76637e-08
4929	9.75648e-08
4930	9.74689e-08
4931	9.73708e-08
4932	9.72746e-08
4933	9.71763e-08
4934	9.70807e-08
4935	9.69829e-08
4936	9.68873e-08
4937	9.67892e-08
4938	9.66941e-08
4939	9.65966e-08
4940	9.65014e-08
4941	9.64035e-08
4942	9.63089e-08
4943	9.62119e-08
4944	9.6117e-08
4945	9.60197e-08
4946	9.59253e-08
4947	9.58287e-08
4948	9.57342e-08
4949	9.56373e-08
4950	9.55432e-08
4951	9.54471e-08
4952	9.53529e-08
4953	9.52564e-08
4954	9.51627e-08
4955	9.50668e-08
4956	9.49732e-08
4957	9.48769e-08
4958	9.47837e-08
4959	9.46882e-08
4960	9.45948e-08
4961	9.44991e-08
4962	9.44062e-08
4963	9.43111e-08
4964	9.42182e-08
4965	9.41226e-08
4966	9.40302e-08
4967	9.39355e-08
4968	9.38428e-08
4969	9.37479e-08
4970	9.36556e-08
4971	9.35614e-08
4972	9.34691e-08
4973	9.33744e-08
4974	9.32827e-08
4975	9.31887e-08
4976	9.30968e-08
4977	9.30026e-08
4978	9.29112e-08
4979	9.28176e-08
4980	9.27261e-08
4981	9.26321e-08
4982	9.25411e-08
4983	9.2448e-08
4984	9.23568e-08
4985	9.22632e-08
4986	9.21725e-08
4987	9.20798e-08
4988	9.19889e-08
4989	9.18958e-08
4990	9.18054e-08
4991	9.1713e-08
4992	9.16225e-08
4993	9.15298e-08
4994	9.14399e-08
4995	9.13477e-08
4996	9.12684e-08
4997	9.11806e-08
4998	9.10537e-08
4999	9.09924e-08
5000	9.08928e-08
5001	9.07989e-08
5002	9.07174e-08
5003	9.06182e-08
5004	9.05316e-08
5005	9.04425e-08
5006	9.03503e-08
5007	9.02608e-08
5008	9.01716e-08
5009	9.00806e-08
5010	8.9992e-08
5011	8.99007e-08
5012	8.98125e-08
5013	8.97219e-08
5014	8.96335e-08
5015	8.95428e-08
5016	8.94547e-08
5017	8.93645e-08
5018	8.92765e-08
5019	8.91864e-08
5020	8.90986e-08
5021	8.90084e-08
5022	8.8921e-08
5023	8.88313e-08
5024	8.87439e-08
5025	8.86537e-08
5026	8.85667e-08
5027	8.84776e-08
5028	8.83904e-08
5029	8.83008e-08
5030	8.8214e-08
5031	8.81253e-08
5032	8.80383e-08
5033	8.79492e-08
5034	8.78627e-08
5035	8.77743e-08
5036	8.76877e-08
5037	8.75989e-08
5038	8.75128e-08
5039	8.74247e-08
5040	8.73385e-08
5041	8.72501e-08
5042	8.71643e-08
5043	8.70766e-08
5044	8.69906e-08
5045	8.69027e-08
5046	8.68173e-08
5047	8.67298e-08
5048	8.66443e-08
5049	8.65564e-08
5050	8.64715e-08
5051	8.63844e-08
5052	8.62992e-08
5053	8.62118e-08
5054	8.6127e-08
5055	8.60405e-08
5056	8.59555e-08
5057	8.58685e-08
5058	8.57841e-08
5059	8.56978e-08
5060	8.56132e-08
5061	8.55266e-08
5062	8.54426e-08
5063	8.53564e-08
5064	8.52724e-08
5065	8.51859e-08
5066	8.51022e-08
5067	8.50166e-08
5068	8.49327e-08
5069	8.48467e-08
5070	8.47633e-08
5071	8.46781e-08
5072	8.45945e-08
5073	8.45088e-08
5074	8.44257e-08
5075	8.43408e-08
5076	8.42575e-08
5077	8.41724e-08
5078	8.40896e-08
5079	8.40049e-08
5080	8.39221e-08
5081	8.3837e-08
5082	8.37547e-08
5083	8.36704e-08
5084	8.35879e-08
5085	8.35032e-08
5086	8.34211e-08
5087	8.33373e-08
5088	8.3255e-08
5089	8.31707e-08
5090	8.30889e-08
5091	8.30053e-08
5092	8.29234e-08
5093	8.28396e-08
5094	8.27581e-08
5095	8.26747e-08
5096	8.25933e-08
5097	8.25095e-08
5098	8.24285e-08
5099	8.23456e-08
5100	8.22644e-08
5101	8.2181e-08
5102	8.21002e-08
5103	8.20176e-08
5104	8.19367e-08
5105	8.18538e-08
5106	8.17734e-08
5107	8.1691e-08
5108	8.16105e-08
5109	8.15278e-08
5110	8.14477e-08
5111	8.13657e-08
5112	8.12854e-08
5113	8.12032e-08
5114	8.11234e-08
5115	8.10417e-08
5116	8.09618e-08
5117	8.08798e-08
5118	8.08003e-08
5119	8.0719e-08
5120	8.06393e-08
5121	8.05578e-08
5122	8.04786e-08
5123	8.03975e-08
5124	8.03183e-08
5125	8.02368e-08
5126	8.01581e-08
5127	8.00774e-08
5128	7.99984e-08
5129	7.99174e-08
5130	7.98388e-08
5131	7.97586e-08
5132	7.96798e-08
5133	7.95992e-08
5134	7.95209e-08
5135	7.94409e-08
5136	7.93625e-08
5137	7.92823e-08
5138	7.92043e-08
5139	7.91245e-08
5140	7.90466e-08
5141	7.89664e-08
5142	7.88889e-08
5143	7.88095e-08
5144	7.87318e-08
5145	7.86521e-08
5146	7.85747e-08
5147	7.84957e-08
5148	7.84182e-08
5149	7.83389e-08
5150	7.82619e-08
5151	7.81831e-08
5152	7.8106e-08
5153	7.80269e-08
5154	7.79502e-08
5155	7.78717e-08
5156	7.77949e-08
5157	7.77162e-08
5158	7.76398e-08
5159	7.75617e-08
5160	7.74852e-08
5161	7.74067e-08
5162	7.73306e-08
5163	7.72528e-08
5164	7.71766e-08
5165	7.70985e-08
5166	7.70228e-08
5167	7.69452e-08
5168	7.68693e-08
5169	7.67914e-08
5170	7.6716e-08
5171	7.66388e-08
5172	7.65632e-08
5173	7.64857e-08
5174	7.64105e-08
5175	7.63336e-08
5176	7.62583e-08
5177	7.61812e-08
5178	7.61063e-08
5179	7.60297e-08
5180	7.59547e-08
5181	7.58777e-08
5182	7.58032e-08
5183	7.57269e-08
5184	7.56522e-08
5185	7.55757e-08
5186	7.55014e-08
5187	7.54254e-08
5188	7.53516e-08
5189	7.5275e-08
5190	7.52006e-08
5191	7.51239e-08
5192	7.50516e-08
5193	7.49749e-08
5194	7.49017e-08
5195	7.48251e-08
5196	7.47521e-08
5197	7.46768e-08
5198	7.4603e-08
5199	7.45278e-08
5200	7.44542e-08
5201	7.43793e-08
5202	7.4306e-08
5203	7.4231e-08
5204	7.41581e-08
5205	7.40829e-08
5206	7.40101e-08
5207	7.39355e-08
5208	7.38626e-08
5209	7.37881e-08
5210	7.37154e-08
5211	7.36412e-08
5212	7.35686e-08
5213	7.34941e-08
5214	7.34219e-08
5215	7.33479e-08
5216	7.32756e-08
5217	7.32015e-08
5218	7.31295e-08
5219	7.30559e-08
5220	7.29839e-08
5221	7.29099e-08
5222	7.28383e-08
5223	7.2765e-08
5224	7.26932e-08
5225	7.26197e-08
5226	7.25483e-08
5227	7.24753e-08
5228	7.24037e-08
5229	7.23306e-08
5230	7.22594e-08
5231	7.21867e-08
5232	7.21155e-08
5233	7.20424e-08
5234	7.19717e-08
5235	7.18993e-08
5236	7.18283e-08
5237	7.17556e-08
5238	7.16851e-08
5239	7.1613e-08
5240	7.15423e-08
5241	7.14699e-08
5242	7.13997e-08
5243	7.13278e-08
5244	7.12574e-08
5245	7.11853e-08
5246	7.11153e-08
5247	7.10438e-08
5248	7.09737e-08
5249	7.09019e-08
5250	7.08322e-08
5251	7.07609e-08
5252	7.06911e-08
5253	7.06196e-08
5254	7.05502e-08
5255	7.04792e-08
5256	7.04097e-08
5257	7.03383e-08
5258	7.02693e-08
5259	7.01985e-08
5260	7.01293e-08
5261	7.00583e-08
5262	6.99894e-08
5263	6.9919e-08
5264	6.985e-08
5265	6.97793e-08
5266	6.97107e-08
5267	6.96406e-08
5268	6.95719e-08
5269	6.95015e-08
5270	6.94332e-08
5271	6.93633e-08
5272	6.92948e-08
5273	6.92248e-08
5274	6.91568e-08
5275	6.90871e-08
5276	6.9019e-08
5277	6.8949e-08
5278	6.88814e-08
5279	6.8812e-08
5280	6.87442e-08
5281	6.86746e-08
5282	6.86071e-08
5283	6.85381e-08
5284	6.84704e-08
5285	6.84012e-08
5286	6.83339e-08
5287	6.82651e-08
5288	6.81978e-08
5289	6.81287e-08
5290	6.80618e-08
5291	6.79933e-08
5292	6.79263e-08
5293	6.78575e-08
5294	6.77908e-08
5295	6.77226e-08
5296	6.76557e-08
5297	6.75874e-08
5298	6.75209e-08
5299	6.74529e-08
5300	6.73864e-08
5301	6.73181e-08
5302	6.72521e-08
5303	6.71844e-08
5304	6.71181e-08
5305	6.70502e-08
5306	6.69842e-08
5307	6.69169e-08
5308	6.68508e-08
5309	6.67832e-08
5310	6.67175e-08
5311	6.66504e-08
5312	6.65847e-08
5313	6.65173e-08
5314	6.6452e-08
5315	6.6385e-08
5316	6.63196e-08
5317	6.62523e-08
5318	6.61873e-08
5319	6.61207e-08
5320	6.60555e-08
5321	6.59886e-08
5322	6.59237e-08
5323	6.58573e-08
5324	6.57925e-08
5325	6.5726e-08
5326	6.56614e-08
5327	6.55948e-08
5328	6.55305e-08
5329	6.54644e-08
5330	6.54e-08
5331	6.53337e-08
5332	6.52695e-08
5333	6.52039e-08
5334	6.51395e-08
5335	6.50735e-08
5336	6.50096e-08
5337	6.49442e-08
5338	6.48802e-08
5339	6.48144e-08
5340	6.47508e-08
5341	6.46857e-08
5342	6.46218e-08
5343	6.45564e-08
5344	6.44929e-08
5345	6.44281e-08
5346	6.43646e-08
5347	6.42993e-08
5348	6.42362e-08
5349	6.41716e-08
5350	6.41083e-08
5351	6.40433e-08
5352	6.39804e-08
5353	6.3916e-08
5354	6.38531e-08
5355	6.37882e-08
5356	6.37256e-08
5357	6.36616e-08
5358	6.35988e-08
5359	6.35343e-08
5360	6.34719e-08
5361	6.34081e-08
5362	6.33456e-08
5363	6.32813e-08
5364	6.32192e-08
5365	6.31556e-08
5366	6.30934e-08
5367	6.30293e-08
5368	6.29675e-08
5369	6.29041e-08
5370	6.28422e-08
5371	6.27784e-08
5372	6.27167e-08
5373	6.26537e-08
5374	6.25919e-08
5375	6.25284e-08
5376	6.2467e-08
5377	6.24042e-08
5378	6.23427e-08
5379	6.22794e-08
5380	6.22183e-08
5381	6.21558e-08
5382	6.20945e-08
5383	6.20315e-08
5384	6.19706e-08
5385	6.19083e-08
5386	6.18473e-08
5387	6.17845e-08
5388	6.17238e-08
5389	6.16618e-08
5390	6.1601e-08
5391	6.15385e-08
5392	6.14781e-08
5393	6.14162e-08
5394	6.13558e-08
5395	6.12936e-08
5396	6.12333e-08
5397	6.11714e-08
5398	6.11115e-08
5399	6.10496e-08
5400	6.09898e-08
5401	6.09277e-08
5402	6.08682e-08
5403	6.08062e-08
5404	6.07469e-08
5405	6.06854e-08
5406	6.06259e-08
5407	6.05641e-08
5408	6.05049e-08
5409	6.04438e-08
5410	6.03844e-08
5411	6.03231e-08
5412	6.02639e-08
5413	6.02032e-08
5414	6.0144e-08
5415	6.00829e-08
5416	6.00239e-08
5417	5.99635e-08
5418	5.99046e-08
5419	5.98437e-08
5420	5.9785e-08
5421	5.97246e-08
5422	5.96661e-08
5423	5.96055e-08
5424	5.95472e-08
5425	5.94864e-08
5426	5.94285e-08
5427	5.93682e-08
5428	5.93101e-08
5429	5.92497e-08
5430	5.91917e-08
5431	5.91321e-08
5432	5.90739e-08
5433	5.90139e-08
5434	5.8956e-08
5435	5.88964e-08
5436	5.88387e-08
5437	5.8779e-08
5438	5.87215e-08
5439	5.86616e-08
5440	5.86044e-08
5441	5.85451e-08
5442	5.84876e-08
5443	5.84282e-08
5444	5.83711e-08
5445	5.83119e-08
5446	5.82548e-08
5447	5.81954e-08
5448	5.81387e-08
5449	5.80798e-08
5450	5.80228e-08
5451	5.79638e-08
5452	5.79072e-08
5453	5.78485e-08
5454	5.77918e-08
5455	5.77329e-08
5456	5.76766e-08
5457	5.76183e-08
5458	5.75619e-08
5459	5.75029e-08
5460	5.74468e-08
5461	5.7389e-08
5462	5.73324e-08
5463	5.72743e-08
5464	5.7218e-08
5465	5.71605e-08
5466	5.71042e-08
5467	5.70461e-08
5468	5.69903e-08
5469	5.69329e-08
5470	5.68769e-08
5471	5.6819e-08
5472	5.67634e-08
5473	5.67062e-08
5474	5.66505e-08
5475	5.65926e-08
5476	5.65373e-08
5477	5.64805e-08
5478	5.64248e-08
5479	5.63675e-08
5480	5.63122e-08
5481	5.62556e-08
5482	5.62003e-08
5483	5.61429e-08
5484	5.60881e-08
5485	5.60315e-08
5486	5.59765e-08
5487	5.59194e-08
5488	5.58647e-08
5489	5.58085e-08
5490	5.57536e-08
5491	5.56968e-08
5492	5.56423e-08
5493	5.55863e-08
5494	5.55316e-08
5495	5.5475e-08
5496	5.54208e-08
5497	5.5365e-08
5498	5.53106e-08
5499	5.52541e-08
5500	5.52e-08
5501	5.51446e-08
5502	5.50902e-08
5503	5.50342e-08
5504	5.49802e-08
5505	5.4925e-08
5506	5.4871e-08
5507	5.4815e-08
5508	5.47615e-08
5509	5.47062e-08
5510	5.46526e-08
5511	5.45966e-08
5512	5.45434e-08
5513	5.44885e-08
5514	5.44348e-08
5515	5.43794e-08
5516	5.43261e-08
5517	5.42717e-08
5518	5.4218e-08
5519	5.4163e-08
5520	5.41098e-08
5521	5.40555e-08
5522	5.40022e-08
5523	5.39472e-08
5524	5.38944e-08
5525	5.38402e-08
5526	5.37873e-08
5527	5.37323e-08
5528	5.368e-08
5529	5.36258e-08
5530	5.35732e-08
5531	5.35183e-08
5532	5.34662e-08
5533	5.34123e-08
5534	5.33598e-08
5535	5.33054e-08
5536	5.32534e-08
5537	5.31995e-08
5538	5.31474e-08
5539	5.3093e-08
5540	5.30413e-08
5541	5.29879e-08
5542	5.29357e-08
5543	5.28817e-08
5544	5.28302e-08
5545	5.27768e-08
5546	5.27251e-08
5547	5.2671e-08
5548	5.26198e-08
5549	5.25667e-08
5550	5.25152e-08
5551	5.24614e-08
5552	5.24102e-08
5553	5.23575e-08
5554	5.2306e-08
5555	5.22525e-08
5556	5.22016e-08
5557	5.2149e-08
5558	5.20977e-08
5559	5.20445e-08
5560	5.19939e-08
5561	5.19413e-08
5562	5.18904e-08
5563	5.18371e-08
5564	5.17869e-08
5565	5.17344e-08
5566	5.16838e-08
5567	5.16308e-08
5568	5.15806e-08
5569	5.15286e-08
5570	5.1478e-08
5571	5.14252e-08
5572	5.13752e-08
5573	5.13234e-08
5574	5.1273e-08
5575	5.12206e-08
5576	5.11707e-08
5577	5.11189e-08
5578	5.10689e-08
5579	5.10164e-08
5580	5.09671e-08
5581	5.09154e-08
5582	5.08657e-08
5583	5.08133e-08
5584	5.07642e-08
5585	5.07126e-08
5586	5.06631e-08
5587	5.0611e-08
5588	5.05621e-08
5589	5.05107e-08
5590	5.04614e-08
5591	5.04095e-08
5592	5.03608e-08
5593	5.03096e-08
5594	5.02605e-08
5595	5.02087e-08
5596	5.01602e-08
5597	5.01093e-08
5598	5.00604e-08
5599	5.00088e-08
5600	4.99605e-08
5601	4.99098e-08
5602	4.98611e-08
5603	4.98097e-08
5604	4.97616e-08
5605	4.97111e-08
5606	4.96626e-08
5607	4.96114e-08
5608	4.95635e-08
5609	4.95132e-08
5610	4.94648e-08
5611	4.94139e-08
5612	4.93661e-08
5613	4.9316e-08
5614	4.92679e-08
5615	4.92171e-08
5616	4.91696e-08
5617	4.91197e-08
5618	4.90717e-08
5619	4.90212e-08
5620	4.89738e-08
5621	4.89241e-08
5622	4.88763e-08
5623	4.8826e-08
5624	4.87788e-08
5625	4.87293e-08
5626	4.86817e-08
5627	4.86316e-08
5628	4.85846e-08
5629	4.85353e-08
5630	4.84879e-08
5631	4.8438e-08
5632	4.83912e-08
5633	4.8342e-08
5634	4.82949e-08
5635	4.82451e-08
5636	4.81985e-08
5637	4.81496e-08
5638	4.81026e-08
5639	4.8053e-08
5640	4.80066e-08
5641	4.79579e-08
5642	4.79111e-08
5643	4.78618e-08
5644	4.78155e-08
5645	4.77669e-08
5646	4.77203e-08
5647	4.7671e-08
5648	4.76251e-08
5649	4.75768e-08
5650	4.75303e-08
5651	4.74814e-08
5652	4.74355e-08
5653	4.73873e-08
5654	4.7341e-08
5655	4.72922e-08
5656	4.72466e-08
5657	4.71987e-08
5658	4.71525e-08
5659	4.71041e-08
5660	4.70585e-08
5661	4.70107e-08
5662	4.69648e-08
5663	4.69163e-08
5664	4.68712e-08
5665	4.68234e-08
5666	4.67779e-08
5667	4.67297e-08
5668	4.66845e-08
5669	4.66372e-08
5670	4.65915e-08
5671	4.65436e-08
5672	4.64986e-08
5673	4.64514e-08
5674	4.64062e-08
5675	4.63581e-08
5676	4.63137e-08
5677	4.62664e-08
5678	4.62214e-08
5679	4.61736e-08
5680	4.61292e-08
5681	4.60823e-08
5682	4.60374e-08
5683	4.59897e-08
5684	4.59457e-08
5685	4.58986e-08
5686	4.58541e-08
5687	4.58065e-08
5688	4.57627e-08
5689	4.57161e-08
5690	4.56714e-08
5691	4.56243e-08
5692	4.55805e-08
5693	4.55338e-08
5694	4.54897e-08
5695	4.54425e-08
5696	4.53991e-08
5697	4.53525e-08
5698	4.53087e-08
5699	4.52615e-08
5700	4.52184e-08
5701	4.5172e-08
5702	4.51282e-08
5703	4.50813e-08
5704	4.50384e-08
5705	4.4992e-08
