2.00000e-03 1.24552e-01 -3.76263e-07
2.53792e-03 1.24432e-01 -6.05298e-07
3.22052e-03 1.24281e-01 -9.73498e-07
4.08672e-03 1.24090e-01 -1.56516e-06
5.18589e-03 1.23848e-01 -2.51537e-06
6.58069e-03 1.23544e-01 -4.04035e-06
8.35064e-03 1.23160e-01 -6.48559e-06
1.05966e-02 1.22679e-01 -1.04020e-05
1.34467e-02 1.22077e-01 -1.66661e-05
1.70634e-02 1.21325e-01 -2.66671e-05
2.16527e-02 1.20391e-01 -4.25994e-05
2.74765e-02 1.19238e-01 -6.79069e-05
3.48666e-02 1.17825e-01 -1.07940e-04
4.42443e-02 1.16108e-01 -1.70762e-04
5.61443e-02 1.14045e-01 -2.68186e-04
7.12450e-02 1.11600e-01 -4.12967e-04
9.04071e-02 1.08744e-01 -6.21272e-04
1.14723e-01 1.05461e-01 -9.23015e-04
1.45579e-01 1.01750e-01 -1.34929e-03
1.84734e-01 9.76188e-02 -1.91092e-03
2.34420e-01 9.30857e-02 -2.60113e-03
2.97470e-01 8.81745e-02 -3.39490e-03
3.77478e-01 8.29282e-02 -4.27336e-03
4.79005e-01 7.73942e-02 -5.16684e-03
6.07839e-01 7.16406e-02 -6.01784e-03
7.71324e-01 6.57480e-02 -6.75422e-03
9.78780e-01 5.98148e-02 -7.32880e-03
1.24203e+00 5.39304e-02 -7.68947e-03
1.57609e+00 4.82266e-02 -7.86496e-03
2.00000e+00 4.26980e-02 -7.74834e-03
