5.0000e-01 3.6080e-02 5.4251e-03
5.8390e-01 3.7582e-02 4.2397e-03
6.8188e-01 3.8701e-02 2.9605e-03
7.9629e-01 3.9415e-02 1.6433e-03
9.2991e-01 3.9722e-02 3.4096e-04
1.0859e+00 3.9633e-02 -9.0048e-04
1.2682e+00 3.9173e-02 -2.0436e-03
1.4810e+00 3.8378e-02 -3.0609e-03
1.7295e+00 3.7289e-02 -3.9345e-03
2.0197e+00 3.5953e-02 -4.6557e-03
2.3586e+00 3.4416e-02 -5.2236e-03
2.7543e+00 3.2727e-02 -5.6435e-03
3.2165e+00 3.0929e-02 -5.9255e-03
3.7562e+00 2.9063e-02 -6.0829e-03
4.3865e+00 2.7166e-02 -6.1309e-03
5.1226e+00 2.5269e-02 -6.0855e-03
5.9822e+00 2.3398e-02 -5.9626e-03
6.9859e+00 2.1575e-02 -5.7774e-03
8.1582e+00 1.9818e-02 -5.5440e-03
9.5271e+00 1.8139e-02 -5.2752e-03
1.1126e+01 1.6547e-02 -4.9819e-03
1.2993e+01 1.5049e-02 -4.6737e-03
1.5173e+01 1.3648e-02 -4.3587e-03
1.7719e+01 1.2345e-02 -4.0432e-03
2.0692e+01 1.1139e-02 -3.7327e-03
2.4164e+01 1.0028e-02 -3.4311e-03
2.8219e+01 9.0087e-03 -3.1414e-03
3.2954e+01 8.0772e-03 -2.8660e-03
3.8483e+01 7.2288e-03 -2.6061e-03
4.4941e+01 6.4584e-03 -2.3628e-03
5.2482e+01 5.7610e-03 -2.1363e-03
6.1288e+01 5.1312e-03 -1.9266e-03
7.1572e+01 4.5638e-03 -1.7335e-03
8.3582e+01 4.0539e-03 -1.5565e-03
9.7607e+01 3.5965e-03 -1.3947e-03
1.1399e+02 3.1870e-03 -1.2474e-03
1.3311e+02 2.8211e-03 -1.1138e-03
1.5545e+02 2.4946e-03 -9.9295e-04
1.8153e+02 2.2037e-03 -8.8388e-04
2.1199e+02 1.9450e-03 -7.8570e-04
2.4756e+02 1.7152e-03 -6.9752e-04
2.8911e+02 1.5113e-03 -6.1848e-04
3.3762e+02 1.3306e-03 -5.4778e-04
3.9427e+02 1.1706e-03 -4.8464e-04
4.6043e+02 1.0292e-03 -4.2835e-04
5.3769e+02 9.0419e-04 -3.7823e-04
6.2791e+02 7.9389e-04 -3.3368e-04
7.3327e+02 6.9663e-04 -2.9413e-04
8.5631e+02 6.1093e-04 -2.5905e-04
1.0000e+03 5.3548e-04 -2.2799e-04
