# alpha     maxMagU    heatFlux    forceInn  pressureI   viscousI   thermalI    forceOut  pressureO   viscousO   thermalO
   1.01  4.5006e-09  1.2443e-01  2.9310e-04 -1.341e-06 -1.404e-07  2.946e-04 -2.9328e-04 -1.596e-06  1.273e-07 -2.918e-04
   1.02  3.5696e-08  2.5035e-01  1.1526e-03 -1.072e-05 -1.117e-06  1.164e-03 -1.2109e-03 -1.266e-05  1.013e-06 -1.199e-03
   1.05  5.4509e-07  6.3263e-01  7.3883e-03 -1.674e-04 -1.724e-05  7.573e-03 -7.3821e-03 -1.927e-04  1.557e-05 -7.205e-03
    1.1  4.1963e-06  1.2817e+00  2.9736e-02 -1.337e-03 -1.351e-04  3.121e-02 -2.9703e-02 -1.478e-03  1.214e-04 -2.835e-02
    1.2  3.1205e-05  2.6240e+00  1.1896e-01 -1.067e-02 -1.038e-03  1.307e-01 -1.1863e-01 -1.094e-02  9.253e-04 -1.086e-01
    1.5  4.0050e-04  6.9841e+00  7.4467e-01 -1.659e-01 -1.458e-02  9.252e-01 -7.4265e-01 -1.400e-01  1.270e-02 -6.154e-01
      2  2.4442e-03  1.5254e+01  2.9894e+00 -1.321e+00 -1.008e-01  4.411e+00 -2.9814e+00 -8.667e-01  8.518e-02 -2.200e+00
      3  1.2916e-02  3.5006e+01  1.2064e+01 -1.053e+01 -6.461e-01  2.324e+01 -1.2042e+01 -4.834e+00  5.221e-01 -7.730e+00
      4  3.1782e-02  5.8395e+01  2.7313e+01 -3.550e+01 -1.841e+00  6.466e+01 -2.7304e+01 -1.262e+01  1.441e+00 -1.612e+01
      5  5.8944e-02  8.4922e+01  4.8803e+01 -8.417e+01 -3.804e+00  1.368e+02 -4.8897e+01 -2.450e+01  2.902e+00 -2.730e+01
      7  1.3664e-01  1.4615e+02  1.1072e+02 -2.844e+02 -1.033e+01  4.055e+02 -1.1116e+02 -6.107e+01  7.582e+00 -5.767e+01
     10  3.0257e-01  2.5544e+02  2.5055e+02 -9.621e+02 -2.734e+01  1.240e+03 -2.5311e+02 -1.490e+02  1.926e+01 -1.234e+02
     20  1.1865e+00  7.3784e+02  1.1398e+03 -9.069e+03 -1.544e+02  1.036e+04 -1.1401e+03 -7.389e+02  1.006e+02 -5.019e+02
     30  2.4578e+00  1.3625e+03  2.6564e+03 -3.232e+04 -4.005e+02  3.538e+04 -2.6990e+03 -1.793e+03  2.501e+02 -1.156e+03
     50  5.8653e+00  2.9411e+03  7.4323e+03 -1.563e+05 -1.277e+03  1.650e+05 -7.8718e+03 -5.309e+03  7.584e+02 -3.321e+03
     70  1.0178e+01  4.8776e+03  1.3987e+04 -4.375e+05 -2.701e+03  4.542e+05 -1.5669e+04 -1.071e+04  1.540e+03 -6.494e+03
    100  1.7735e+01  8.3346e+03  2.8339e+04 -1.293e+06 -5.805e+03  1.327e+06 -3.2805e+04 -2.239e+04  3.170e+03 -1.332e+04
