#      phi       T     U_t
0.3 1.0804 2.1153e-05
0.3037 1.1242 9.589e-05
0.30785 1.1665 0.00023844
0.31251 1.2109 0.00045056
0.31774 1.2583 0.00074834
0.32361 1.3094 0.0011492
0.33019 1.3648 0.001673
0.33757 1.4247 0.002341
0.34586 1.4898 0.003175
0.35515 1.5604 0.0041959
0.36559 1.6368 0.0054218
0.37729 1.7197 0.0068659
0.39042 1.8092 0.0085333
0.40516 1.9059 0.010417
0.42169 2.01 0.012495
0.44024 2.1219 0.014724
0.46105 2.2418 0.017037
0.4844 2.37 0.01934
0.5106 2.5065 0.021514
0.54 2.649 0.023384
0.57111 2.7912 0.02477
0.60222 2.9271 0.025593
0.63333 3.0556 0.025888
0.66444 3.1771 0.025722
0.69556 3.2923 0.025166
0.72667 3.4014 0.02429
0.75778 3.505 0.023159
0.78889 3.6035 0.021835
0.82 3.697 0.020373
0.85111 3.7859 0.018821
0.88222 3.8706 0.017222
0.91333 3.9511 0.015611
0.94444 4.0279 0.014018
0.97556 4.101 0.012469
1.0067 4.1707 0.010981
1.0378 4.2371 0.0095723
1.0689 4.3005 0.0082525
1.1 4.361 0.0070301
1.1311 4.4187 0.0059105
1.1622 4.4738 0.0048963
1.1933 4.5264 0.0039883
1.2244 4.5766 0.0031852
1.2556 4.6246 0.0024847
1.2867 4.6704 0.0018831
1.3178 4.7143 0.0013759
1.3489 4.7561 0.00095775
1.38 4.7956 0.00062811
1.4089 4.8305 0.00039047
1.4326 4.8594 0.00023487
1.452 4.8827 0.00013682
1.4678 4.9021 7.4984e-05
1.4808 4.9187 3.6113e-05
1.4913 4.9342 1.1792e-05
1.5 4.9503 -8.7136e-07
