#      phi       T     U_t
0 1.0781 0
0.096597 1.0782 0.00030099
0.19045 1.0785 0.00059978
0.28039 1.079 0.00089545
0.3645 1.0796 0.0011882
0.44371 1.0804 0.0014802
0.51771 1.0813 0.0017724
0.58566 1.0824 0.0020646
0.64878 1.0836 0.0023585
0.70729 1.085 0.0026547
0.7608 1.0866 0.0029526
0.81041 1.0883 0.0032529
0.85646 1.0901 0.0035563
0.89899 1.0921 0.0038619
0.93841 1.0943 0.0041689
0.97523 1.0967 0.0044775
1.0097 1.0992 0.0047864
1.0418 1.1019 0.0050936
1.072 1.1048 0.005397
1.1004 1.1079 0.0056959
1.1273 1.1112 0.0059865
1.1528 1.1147 0.0062655
1.1769 1.1184 0.006529
1.1999 1.1222 0.0067716
1.2218 1.1263 0.0069883
1.2428 1.1306 0.0071735
1.2629 1.1352 0.0073196
1.2823 1.1399 0.007421
1.3009 1.1448 0.0074697
1.3189 1.15 0.0074561
1.3363 1.1553 0.0073774
1.3531 1.1607 0.0072232
1.3694 1.1663 0.0069937
1.3853 1.172 0.0066848
1.4006 1.1777 0.0063003
1.4155 1.1834 0.0058463
1.4301 1.1889 0.0053301
1.4442 1.1944 0.0047704
1.4578 1.1995 0.0041848
1.4711 1.2044 0.0035919
1.484 1.2088 0.0030129
1.4964 1.2128 0.0024663
1.5084 1.2163 0.0019634
1.5199 1.2192 0.0015153
1.531 1.2215 0.001121
1.5416 1.2233 0.00077741
1.5518 1.2246 0.00047713
1.5615 1.2253 0.00021971
1.5708 1.2256 7.3098e-11
