#      phi       T     U_t
0.7 1.23 0.00013142
0.70092 1.2637 0.00044791
0.70196 1.2998 0.0009342
0.70313 1.3368 0.0015265
0.70443 1.3758 0.0022413
0.7059 1.4174 0.0030955
0.70755 1.4619 0.0041074
0.70939 1.5096 0.0052954
0.71147 1.561 0.0066764
0.71379 1.6161 0.0082648
0.7164 1.6754 0.010071
0.71932 1.7391 0.012099
0.7226 1.8074 0.014345
0.72629 1.8807 0.016794
0.73042 1.9591 0.01942
0.73506 2.043 0.022182
0.74026 2.1325 0.025023
0.7461 2.228 0.027867
0.75265 2.3296 0.030622
0.76 2.436 0.033141
0.76778 2.5427 0.035242
0.77556 2.6454 0.036828
0.78333 2.7435 0.037917
0.79111 2.8374 0.038556
0.79889 2.9276 0.038794
0.80667 3.0144 0.038673
0.81444 3.0982 0.038235
0.82222 3.1792 0.037518
0.83 3.2577 0.036558
0.83778 3.3339 0.035385
0.84556 3.408 0.034029
0.85333 3.4802 0.032518
0.86111 3.5505 0.030875
0.86889 3.6192 0.029125
0.87667 3.6863 0.027288
0.88444 3.752 0.025384
0.89222 3.8164 0.023432
0.9 3.8796 0.02145
0.90778 3.9416 0.019454
0.91556 4.0027 0.01746
0.92333 4.063 0.015483
0.93111 4.1225 0.013539
0.93889 4.1814 0.011642
0.94667 4.24 0.0098052
0.95444 4.2984 0.0080438
0.96222 4.3571 0.0063717
0.97 4.4157 0.0048298
0.97724 4.4714 0.00351
0.98316 4.5207 0.0024737
0.988 4.5637 0.0016884
0.99195 4.6023 0.0010905
0.99519 4.638 0.00063302
0.99784 4.6732 0.00028079
1 4.7156 6.1225e-05
