#      phi       T     U_t
0.7 1.2247 4.6866e-05
0.70092 1.2636 0.00017866
0.70196 1.2997 0.00041292
0.70313 1.3367 0.00074077
0.70443 1.3758 0.0011806
0.7059 1.4174 0.0017513
0.70755 1.4619 0.0024739
0.70939 1.5096 0.00337
0.71147 1.5609 0.0044604
0.71379 1.616 0.0057642
0.7164 1.6753 0.0072968
0.71932 1.739 0.0090682
0.7226 1.8073 0.011081
0.72629 1.8806 0.013327
0.73042 1.959 0.015786
0.73506 2.0429 0.018424
0.74026 2.1324 0.021188
0.7461 2.2279 0.024011
0.75265 2.3295 0.026803
0.76 2.4359 0.029418
0.76778 2.5426 0.031666
0.77556 2.6453 0.033434
0.78333 2.7434 0.034727
0.79111 2.8373 0.035585
0.79889 2.9275 0.036049
0.80667 3.0143 0.03616
0.81444 3.0981 0.035954
0.82222 3.1791 0.035467
0.83 3.2576 0.034732
0.83778 3.3339 0.033779
0.84556 3.408 0.032636
0.85333 3.4801 0.031328
0.86111 3.5505 0.02988
0.86889 3.6191 0.028314
0.87667 3.6863 0.02665
0.88444 3.752 0.024907
0.89222 3.8163 0.023104
0.9 3.8795 0.021257
0.90778 3.9416 0.019383
0.91556 4.0027 0.017496
0.92333 4.063 0.015611
0.93111 4.1225 0.013742
0.93889 4.1814 0.011903
0.94667 4.2399 0.010107
0.95444 4.2984 0.0083674
0.96222 4.3571 0.0066965
0.97 4.4157 0.005135
0.97724 4.4714 0.0037776
0.98316 4.5207 0.002694
0.988 4.5637 0.0018589
0.99195 4.6023 0.0012125
0.99519 4.638 0.00071006
0.99784 4.6732 0.00031725
1 4.7134 6.9588e-05
