#      phi       T     U_t
0 4.9545 0
0.055731 4.9542 8.9237e-05
0.10924 4.9533 0.00018201
0.16061 4.9517 0.00028257
0.20968 4.9498 0.0003948
0.25689 4.9473 0.0005219
0.30246 4.9446 0.00066657
0.34656 4.9415 0.00083056
0.38929 4.938 0.001015
0.43076 4.9344 0.0012209
0.47121 4.9305 0.0014486
0.51077 4.9263 0.0016992
0.54951 4.922 0.0019719
0.58752 4.9174 0.0022663
0.62485 4.9125 0.0025821
0.66155 4.9075 0.0029175
0.69768 4.9022 0.003271
0.73325 4.8968 0.0036405
0.76829 4.8911 0.0040233
0.80282 4.8851 0.0044167
0.83684 4.879 0.0048164
0.87037 4.8726 0.0052178
0.90341 4.866 0.0056158
0.93595 4.8593 0.0060046
0.968 4.8523 0.0063772
0.99954 4.8451 0.0067265
1.0306 4.8377 0.0070431
1.0611 4.8302 0.0073208
1.0911 4.8226 0.0075501
1.1205 4.8149 0.0077212
1.1493 4.8071 0.0078269
1.1776 4.7993 0.0078602
1.2053 4.7916 0.0078145
1.2325 4.7839 0.0076888
1.2591 4.7764 0.0074793
1.2851 4.7691 0.0071861
1.3105 4.762 0.0068199
1.3354 4.7553 0.0063806
1.3597 4.749 0.0058862
1.3834 4.7433 0.0053401
1.4065 4.738 0.0047612
1.4289 4.7333 0.0041612
1.4509 4.7293 0.0035461
1.4722 4.7259 0.002931
1.493 4.7231 0.0023199
1.5133 4.721 0.0017204
1.533 4.7196 0.0011325
1.5521 4.7187 0.00056023
1.5708 4.7184 2.5906e-20
