#"T"	"Points:0"	"Points:1"	"Points:2"
0.98897	0	0	0
0.98905	0.01	0	0
0.98931	0.02	0	0
0.98972	0.03	0	0
0.99031	0.04	0	0
0.99105	0.05	0	0
0.99196	0.06	0	0
0.99302	0.07	0	0
0.99423	0.08	0	0
0.99559	0.09	0	0
0.99709	0.1	0	0
0.99873	0.11	0	0
1.0005	0.12	0	0
1.0024	0.13	0	0
1.0044	0.14	0	0
1.0065	0.15	0	0
1.0087	0.16	0	0
1.011	0.17	0	0
1.0133	0.18	0	0
1.0158	0.19	0	0
1.0183	0.2	0	0
1.0208	0.21	0	0
1.0234	0.22	0	0
1.026	0.23	0	0
1.0287	0.24	0	0
1.0313	0.25	0	0
1.034	0.26	0	0
1.0366	0.27	0	0
1.0392	0.28	0	0
1.0418	0.29	0	0
1.0443	0.3	0	0
1.0468	0.31	0	0
1.0492	0.32	0	0
1.0516	0.33	0	0
1.0538	0.34	0	0
1.056	0.35	0	0
1.0581	0.36	0	0
1.0601	0.37	0	0
1.0619	0.38	0	0
1.0637	0.39	0	0
1.0653	0.4	0	0
1.0668	0.41	0	0
1.0681	0.42	0	0
1.0693	0.43	0	0
1.0703	0.44	0	0
1.0712	0.45	0	0
1.072	0.46	0	0
1.0725	0.47	0	0
1.0729	0.48	0	0
1.0732	0.49	0	0
1.0733	0.5	0	0
0.98889	0	0.01	0
0.98897	0.01	0.01	0
0.98922	0.02	0.01	0
0.98964	0.03	0.01	0
0.99023	0.04	0.01	0
0.99097	0.05	0.01	0
0.99188	0.06	0.01	0
0.99294	0.07	0.01	0
0.99416	0.08	0.01	0
0.99552	0.09	0.01	0
0.99702	0.1	0.01	0
0.99866	0.11	0.01	0
1.0004	0.12	0.01	0
1.0023	0.13	0.01	0
1.0043	0.14	0.01	0
1.0064	0.15	0.01	0
1.0086	0.16	0.01	0
1.0109	0.17	0.01	0
1.0133	0.18	0.01	0
1.0157	0.19	0.01	0
1.0182	0.2	0.01	0
1.0208	0.21	0.01	0
1.0234	0.22	0.01	0
1.026	0.23	0.01	0
1.0287	0.24	0.01	0
1.0313	0.25	0.01	0
1.034	0.26	0.01	0
1.0366	0.27	0.01	0
1.0392	0.28	0.01	0
1.0418	0.29	0.01	0
1.0444	0.3	0.01	0
1.0468	0.31	0.01	0
1.0493	0.32	0.01	0
1.0516	0.33	0.01	0
1.0539	0.34	0.01	0
1.0561	0.35	0.01	0
1.0582	0.36	0.01	0
1.0601	0.37	0.01	0
1.062	0.38	0.01	0
1.0637	0.39	0.01	0
1.0654	0.4	0.01	0
1.0668	0.41	0.01	0
1.0682	0.42	0.01	0
1.0694	0.43	0.01	0
1.0704	0.44	0.01	0
1.0713	0.45	0.01	0
1.072	0.46	0.01	0
1.0726	0.47	0.01	0
1.073	0.48	0.01	0
1.0733	0.49	0.01	0
1.0734	0.5	0.01	0
0.98863	0	0.02	0
0.98872	0.01	0.02	0
0.98897	0.02	0.02	0
0.98939	0.03	0.02	0
0.98998	0.04	0.02	0
0.99073	0.05	0.02	0
0.99164	0.06	0.02	0
0.99271	0.07	0.02	0
0.99394	0.08	0.02	0
0.99531	0.09	0.02	0
0.99682	0.1	0.02	0
0.99847	0.11	0.02	0
1.0002	0.12	0.02	0
1.0021	0.13	0.02	0
1.0042	0.14	0.02	0
1.0063	0.15	0.02	0
1.0085	0.16	0.02	0
1.0108	0.17	0.02	0
1.0132	0.18	0.02	0
1.0157	0.19	0.02	0
1.0182	0.2	0.02	0
1.0207	0.21	0.02	0
1.0233	0.22	0.02	0
1.026	0.23	0.02	0
1.0286	0.24	0.02	0
1.0313	0.25	0.02	0
1.034	0.26	0.02	0
1.0366	0.27	0.02	0
1.0393	0.28	0.02	0
1.0419	0.29	0.02	0
1.0444	0.3	0.02	0
1.0469	0.31	0.02	0
1.0494	0.32	0.02	0
1.0517	0.33	0.02	0
1.054	0.34	0.02	0
1.0562	0.35	0.02	0
1.0583	0.36	0.02	0
1.0603	0.37	0.02	0
1.0622	0.38	0.02	0
1.0639	0.39	0.02	0
1.0656	0.4	0.02	0
1.067	0.41	0.02	0
1.0684	0.42	0.02	0
1.0696	0.43	0.02	0
1.0706	0.44	0.02	0
1.0715	0.45	0.02	0
1.0723	0.46	0.02	0
1.0729	0.47	0.02	0
1.0733	0.48	0.02	0
1.0735	0.49	0.02	0
1.0736	0.5	0.02	0
0.98821	0	0.03	0
0.9883	0.01	0.03	0
0.98855	0.02	0.03	0
0.98898	0.03	0.03	0
0.98957	0.04	0.03	0
0.99033	0.05	0.03	0
0.99125	0.06	0.03	0
0.99233	0.07	0.03	0
0.99357	0.08	0.03	0
0.99495	0.09	0.03	0
0.99648	0.1	0.03	0
0.99814	0.11	0.03	0
0.99993	0.12	0.03	0
1.0019	0.13	0.03	0
1.0039	0.14	0.03	0
1.006	0.15	0.03	0
1.0083	0.16	0.03	0
1.0106	0.17	0.03	0
1.013	0.18	0.03	0
1.0155	0.19	0.03	0
1.018	0.2	0.03	0
1.0206	0.21	0.03	0
1.0233	0.22	0.03	0
1.0259	0.23	0.03	0
1.0286	0.24	0.03	0
1.0313	0.25	0.03	0
1.034	0.26	0.03	0
1.0367	0.27	0.03	0
1.0393	0.28	0.03	0
1.042	0.29	0.03	0
1.0445	0.3	0.03	0
1.0471	0.31	0.03	0
1.0495	0.32	0.03	0
1.0519	0.33	0.03	0
1.0542	0.34	0.03	0
1.0565	0.35	0.03	0
1.0586	0.36	0.03	0
1.0606	0.37	0.03	0
1.0625	0.38	0.03	0
1.0642	0.39	0.03	0
1.0659	0.4	0.03	0
1.0674	0.41	0.03	0
1.0688	0.42	0.03	0
1.07	0.43	0.03	0
1.071	0.44	0.03	0
1.0719	0.45	0.03	0
1.0727	0.46	0.03	0
1.0733	0.47	0.03	0
1.0737	0.48	0.03	0
1.0739	0.49	0.03	0
1.074	0.5	0.03	0
0.98762	0	0.04	0
0.98771	0.01	0.04	0
0.98797	0.02	0.04	0
0.9884	0.03	0.04	0
0.989	0.04	0.04	0
0.98977	0.05	0.04	0
0.9907	0.06	0.04	0
0.9918	0.07	0.04	0
0.99305	0.08	0.04	0
0.99445	0.09	0.04	0
0.99599	0.1	0.04	0
0.99768	0.11	0.04	0
0.9995	0.12	0.04	0
1.0014	0.13	0.04	0
1.0035	0.14	0.04	0
1.0057	0.15	0.04	0
1.0079	0.16	0.04	0
1.0103	0.17	0.04	0
1.0128	0.18	0.04	0
1.0153	0.19	0.04	0
1.0178	0.2	0.04	0
1.0205	0.21	0.04	0
1.0231	0.22	0.04	0
1.0259	0.23	0.04	0
1.0286	0.24	0.04	0
1.0313	0.25	0.04	0
1.034	0.26	0.04	0
1.0367	0.27	0.04	0
1.0394	0.28	0.04	0
1.0421	0.29	0.04	0
1.0447	0.3	0.04	0
1.0473	0.31	0.04	0
1.0498	0.32	0.04	0
1.0522	0.33	0.04	0
1.0545	0.34	0.04	0
1.0568	0.35	0.04	0
1.0589	0.36	0.04	0
1.061	0.37	0.04	0
1.0629	0.38	0.04	0
1.0647	0.39	0.04	0
1.0664	0.4	0.04	0
1.0679	0.41	0.04	0
1.0693	0.42	0.04	0
1.0705	0.43	0.04	0
1.0716	0.44	0.04	0
1.0725	0.45	0.04	0
1.0732	0.46	0.04	0
1.0738	0.47	0.04	0
1.0743	0.48	0.04	0
1.0745	0.49	0.04	0
1.0746	0.5	0.04	0
0.98685	0	0.05	0
0.98694	0.01	0.05	0
0.98721	0.02	0.05	0
0.98764	0.03	0.05	0
0.98826	0.04	0.05	0
0.98904	0.05	0.05	0
0.98999	0.06	0.05	0
0.9911	0.07	0.05	0
0.99237	0.08	0.05	0
0.9938	0.09	0.05	0
0.99537	0.1	0.05	0
0.99709	0.11	0.05	0
0.99894	0.12	0.05	0
1.0009	0.13	0.05	0
1.003	0.14	0.05	0
1.0052	0.15	0.05	0
1.0075	0.16	0.05	0
1.0099	0.17	0.05	0
1.0124	0.18	0.05	0
1.015	0.19	0.05	0
1.0176	0.2	0.05	0
1.0203	0.21	0.05	0
1.023	0.22	0.05	0
1.0257	0.23	0.05	0
1.0285	0.24	0.05	0
1.0313	0.25	0.05	0
1.0341	0.26	0.05	0
1.0368	0.27	0.05	0
1.0396	0.28	0.05	0
1.0423	0.29	0.05	0
1.045	0.3	0.05	0
1.0476	0.31	0.05	0
1.0501	0.32	0.05	0
1.0526	0.33	0.05	0
1.0549	0.34	0.05	0
1.0572	0.35	0.05	0
1.0594	0.36	0.05	0
1.0615	0.37	0.05	0
1.0634	0.38	0.05	0
1.0653	0.39	0.05	0
1.067	0.4	0.05	0
1.0685	0.41	0.05	0
1.0699	0.42	0.05	0
1.0712	0.43	0.05	0
1.0723	0.44	0.05	0
1.0732	0.45	0.05	0
1.074	0.46	0.05	0
1.0746	0.47	0.05	0
1.075	0.48	0.05	0
1.0753	0.49	0.05	0
1.0754	0.5	0.05	0
0.98591	0	0.06	0
0.986	0.01	0.06	0
0.98627	0.02	0.06	0
0.98672	0.03	0.06	0
0.98734	0.04	0.06	0
0.98814	0.05	0.06	0
0.98911	0.06	0.06	0
0.99025	0.07	0.06	0
0.99155	0.08	0.06	0
0.993	0.09	0.06	0
0.99461	0.1	0.06	0
0.99636	0.11	0.06	0
0.99825	0.12	0.06	0
1.0003	0.13	0.06	0
1.0024	0.14	0.06	0
1.0047	0.15	0.06	0
1.007	0.16	0.06	0
1.0095	0.17	0.06	0
1.012	0.18	0.06	0
1.0146	0.19	0.06	0
1.0173	0.2	0.06	0
1.02	0.21	0.06	0
1.0228	0.22	0.06	0
1.0256	0.23	0.06	0
1.0284	0.24	0.06	0
1.0313	0.25	0.06	0
1.0341	0.26	0.06	0
1.0369	0.27	0.06	0
1.0397	0.28	0.06	0
1.0425	0.29	0.06	0
1.0452	0.3	0.06	0
1.0479	0.31	0.06	0
1.0505	0.32	0.06	0
1.053	0.33	0.06	0
1.0554	0.34	0.06	0
1.0578	0.35	0.06	0
1.06	0.36	0.06	0
1.0621	0.37	0.06	0
1.0641	0.38	0.06	0
1.066	0.39	0.06	0
1.0677	0.4	0.06	0
1.0693	0.41	0.06	0
1.0707	0.42	0.06	0
1.072	0.43	0.06	0
1.0731	0.44	0.06	0
1.0741	0.45	0.06	0
1.0749	0.46	0.06	0
1.0755	0.47	0.06	0
1.0759	0.48	0.06	0
1.0762	0.49	0.06	0
1.0763	0.5	0.06	0
0.98479	0	0.07	0
0.98488	0.01	0.07	0
0.98516	0.02	0.07	0
0.98562	0.03	0.07	0
0.98625	0.04	0.07	0
0.98707	0.05	0.07	0
0.98807	0.06	0.07	0
0.98923	0.07	0.07	0
0.99056	0.08	0.07	0
0.99205	0.09	0.07	0
0.9937	0.1	0.07	0
0.99549	0.11	0.07	0
0.99743	0.12	0.07	0
0.99949	0.13	0.07	0
1.0017	0.14	0.07	0
1.004	0.15	0.07	0
1.0064	0.16	0.07	0
1.0089	0.17	0.07	0
1.0115	0.18	0.07	0
1.0142	0.19	0.07	0
1.0169	0.2	0.07	0
1.0197	0.21	0.07	0
1.0226	0.22	0.07	0
1.0255	0.23	0.07	0
1.0284	0.24	0.07	0
1.0313	0.25	0.07	0
1.0342	0.26	0.07	0
1.0371	0.27	0.07	0
1.0399	0.28	0.07	0
1.0428	0.29	0.07	0
1.0456	0.3	0.07	0
1.0483	0.31	0.07	0
1.0509	0.32	0.07	0
1.0535	0.33	0.07	0
1.056	0.34	0.07	0
1.0584	0.35	0.07	0
1.0607	0.36	0.07	0
1.0629	0.37	0.07	0
1.0649	0.38	0.07	0
1.0668	0.39	0.07	0
1.0686	0.4	0.07	0
1.0702	0.41	0.07	0
1.0717	0.42	0.07	0
1.073	0.43	0.07	0
1.0742	0.44	0.07	0
1.0751	0.45	0.07	0
1.0759	0.46	0.07	0
1.0766	0.47	0.07	0
1.077	0.48	0.07	0
1.0773	0.49	0.07	0
1.0774	0.5	0.07	0
0.98348	0	0.08	0
0.98357	0.01	0.08	0
0.98386	0.02	0.08	0
0.98433	0.03	0.08	0
0.98499	0.04	0.08	0
0.98583	0.05	0.08	0
0.98685	0.06	0.08	0
0.98804	0.07	0.08	0
0.98941	0.08	0.08	0
0.99094	0.09	0.08	0
0.99263	0.1	0.08	0
0.99448	0.11	0.08	0
0.99647	0.12	0.08	0
0.99859	0.13	0.08	0
1.0008	0.14	0.08	0
1.0032	0.15	0.08	0
1.0057	0.16	0.08	0
1.0083	0.17	0.08	0
1.011	0.18	0.08	0
1.0137	0.19	0.08	0
1.0165	0.2	0.08	0
1.0194	0.21	0.08	0
1.0223	0.22	0.08	0
1.0253	0.23	0.08	0
1.0283	0.24	0.08	0
1.0313	0.25	0.08	0
1.0342	0.26	0.08	0
1.0372	0.27	0.08	0
1.0402	0.28	0.08	0
1.0431	0.29	0.08	0
1.0459	0.3	0.08	0
1.0487	0.31	0.08	0
1.0515	0.32	0.08	0
1.0541	0.33	0.08	0
1.0567	0.34	0.08	0
1.0592	0.35	0.08	0
1.0615	0.36	0.08	0
1.0637	0.37	0.08	0
1.0658	0.38	0.08	0
1.0678	0.39	0.08	0
1.0696	0.4	0.08	0
1.0713	0.41	0.08	0
1.0728	0.42	0.08	0
1.0742	0.43	0.08	0
1.0753	0.44	0.08	0
1.0763	0.45	0.08	0
1.0772	0.46	0.08	0
1.0778	0.47	0.08	0
1.0783	0.48	0.08	0
1.0786	0.49	0.08	0
1.0787	0.5	0.08	0
0.98198	0	0.09	0
0.98208	0.01	0.09	0
0.98237	0.02	0.09	0
0.98286	0.03	0.09	0
0.98353	0.04	0.09	0
0.9844	0.05	0.09	0
0.98545	0.06	0.09	0
0.98669	0.07	0.09	0
0.98809	0.08	0.09	0
0.98967	0.09	0.09	0
0.99142	0.1	0.09	0
0.99332	0.11	0.09	0
0.99537	0.12	0.09	0
0.99756	0.13	0.09	0
0.99988	0.14	0.09	0
1.0023	0.15	0.09	0
1.0049	0.16	0.09	0
1.0076	0.17	0.09	0
1.0103	0.18	0.09	0
1.0131	0.19	0.09	0
1.0161	0.2	0.09	0
1.019	0.21	0.09	0
1.022	0.22	0.09	0
1.0251	0.23	0.09	0
1.0282	0.24	0.09	0
1.0312	0.25	0.09	0
1.0343	0.26	0.09	0
1.0374	0.27	0.09	0
1.0404	0.28	0.09	0
1.0434	0.29	0.09	0
1.0464	0.3	0.09	0
1.0493	0.31	0.09	0
1.0521	0.32	0.09	0
1.0548	0.33	0.09	0
1.0575	0.34	0.09	0
1.06	0.35	0.09	0
1.0624	0.36	0.09	0
1.0647	0.37	0.09	0
1.0669	0.38	0.09	0
1.0689	0.39	0.09	0
1.0708	0.4	0.09	0
1.0725	0.41	0.09	0
1.0741	0.42	0.09	0
1.0755	0.43	0.09	0
1.0767	0.44	0.09	0
1.0777	0.45	0.09	0
1.0786	0.46	0.09	0
1.0793	0.47	0.09	0
1.0797	0.48	0.09	0
1.08	0.49	0.09	0
1.0801	0.5	0.09	0
0.98029	0	0.1	0
0.98039	0.01	0.1	0
0.98069	0.02	0.1	0
0.98119	0.03	0.1	0
0.98189	0.04	0.1	0
0.98279	0.05	0.1	0
0.98388	0.06	0.1	0
0.98515	0.07	0.1	0
0.98661	0.08	0.1	0
0.98824	0.09	0.1	0
0.99004	0.1	0.1	0
0.99201	0.11	0.1	0
0.99413	0.12	0.1	0
0.99639	0.13	0.1	0
0.99879	0.14	0.1	0
1.0013	0.15	0.1	0
1.004	0.16	0.1	0
1.0067	0.17	0.1	0
1.0096	0.18	0.1	0
1.0125	0.19	0.1	0
1.0155	0.2	0.1	0
1.0186	0.21	0.1	0
1.0217	0.22	0.1	0
1.0249	0.23	0.1	0
1.028	0.24	0.1	0
1.0312	0.25	0.1	0
1.0344	0.26	0.1	0
1.0376	0.27	0.1	0
1.0407	0.28	0.1	0
1.0438	0.29	0.1	0
1.0469	0.3	0.1	0
1.0499	0.31	0.1	0
1.0528	0.32	0.1	0
1.0556	0.33	0.1	0
1.0584	0.34	0.1	0
1.061	0.35	0.1	0
1.0635	0.36	0.1	0
1.0659	0.37	0.1	0
1.0681	0.38	0.1	0
1.0702	0.39	0.1	0
1.0722	0.4	0.1	0
1.0739	0.41	0.1	0
1.0755	0.42	0.1	0
1.077	0.43	0.1	0
1.0782	0.44	0.1	0
1.0793	0.45	0.1	0
1.0802	0.46	0.1	0
1.0809	0.47	0.1	0
1.0814	0.48	0.1	0
1.0817	0.49	0.1	0
1.0818	0.5	0.1	0
0.97839	0	0.11	0
0.97849	0.01	0.11	0
0.97881	0.02	0.11	0
0.97933	0.03	0.11	0
0.98005	0.04	0.11	0
0.98098	0.05	0.11	0
0.98211	0.06	0.11	0
0.98343	0.07	0.11	0
0.98494	0.08	0.11	0
0.98663	0.09	0.11	0
0.9885	0.1	0.11	0
0.99054	0.11	0.11	0
0.99273	0.12	0.11	0
0.99508	0.13	0.11	0
0.99757	0.14	0.11	0
1.0002	0.15	0.11	0
1.0029	0.16	0.11	0
1.0058	0.17	0.11	0
1.0088	0.18	0.11	0
1.0118	0.19	0.11	0
1.0149	0.2	0.11	0
1.0181	0.21	0.11	0
1.0213	0.22	0.11	0
1.0246	0.23	0.11	0
1.0279	0.24	0.11	0
1.0312	0.25	0.11	0
1.0345	0.26	0.11	0
1.0378	0.27	0.11	0
1.041	0.28	0.11	0
1.0443	0.29	0.11	0
1.0474	0.3	0.11	0
1.0505	0.31	0.11	0
1.0536	0.32	0.11	0
1.0565	0.33	0.11	0
1.0593	0.34	0.11	0
1.0621	0.35	0.11	0
1.0647	0.36	0.11	0
1.0671	0.37	0.11	0
1.0695	0.38	0.11	0
1.0716	0.39	0.11	0
1.0736	0.4	0.11	0
1.0755	0.41	0.11	0
1.0772	0.42	0.11	0
1.0787	0.43	0.11	0
1.08	0.44	0.11	0
1.0811	0.45	0.11	0
1.082	0.46	0.11	0
1.0827	0.47	0.11	0
1.0832	0.48	0.11	0
1.0835	0.49	0.11	0
1.0836	0.5	0.11	0
0.97628	0	0.12	0
0.97639	0.01	0.12	0
0.97671	0.02	0.12	0
0.97725	0.03	0.12	0
0.97801	0.04	0.12	0
0.97897	0.05	0.12	0
0.98014	0.06	0.12	0
0.98152	0.07	0.12	0
0.98309	0.08	0.12	0
0.98485	0.09	0.12	0
0.98679	0.1	0.12	0
0.9889	0.11	0.12	0
0.99119	0.12	0.12	0
0.99363	0.13	0.12	0
0.99622	0.14	0.12	0
0.99894	0.15	0.12	0
1.0018	0.16	0.12	0
1.0048	0.17	0.12	0
1.0078	0.18	0.12	0
1.011	0.19	0.12	0
1.0142	0.2	0.12	0
1.0175	0.21	0.12	0
1.0209	0.22	0.12	0
1.0243	0.23	0.12	0
1.0277	0.24	0.12	0
1.0312	0.25	0.12	0
1.0346	0.26	0.12	0
1.038	0.27	0.12	0
1.0414	0.28	0.12	0
1.0447	0.29	0.12	0
1.048	0.3	0.12	0
1.0513	0.31	0.12	0
1.0544	0.32	0.12	0
1.0575	0.33	0.12	0
1.0604	0.34	0.12	0
1.0633	0.35	0.12	0
1.066	0.36	0.12	0
1.0685	0.37	0.12	0
1.071	0.38	0.12	0
1.0732	0.39	0.12	0
1.0753	0.4	0.12	0
1.0772	0.41	0.12	0
1.079	0.42	0.12	0
1.0805	0.43	0.12	0
1.0819	0.44	0.12	0
1.083	0.45	0.12	0
1.084	0.46	0.12	0
1.0847	0.47	0.12	0
1.0853	0.48	0.12	0
1.0856	0.49	0.12	0
1.0857	0.5	0.12	0
0.97395	0	0.13	0
0.97406	0.01	0.13	0
0.9744	0.02	0.13	0
0.97496	0.03	0.13	0
0.97575	0.04	0.13	0
0.97676	0.05	0.13	0
0.97798	0.06	0.13	0
0.97941	0.07	0.13	0
0.98104	0.08	0.13	0
0.98287	0.09	0.13	0
0.9849	0.1	0.13	0
0.9871	0.11	0.13	0
0.98948	0.12	0.13	0
0.99202	0.13	0.13	0
0.99472	0.14	0.13	0
0.99756	0.15	0.13	0
1.0005	0.16	0.13	0
1.0036	0.17	0.13	0
1.0068	0.18	0.13	0
1.0101	0.19	0.13	0
1.0135	0.2	0.13	0
1.0169	0.21	0.13	0
1.0204	0.22	0.13	0
1.024	0.23	0.13	0
1.0275	0.24	0.13	0
1.0311	0.25	0.13	0
1.0347	0.26	0.13	0
1.0383	0.27	0.13	0
1.0418	0.28	0.13	0
1.0453	0.29	0.13	0
1.0487	0.3	0.13	0
1.0521	0.31	0.13	0
1.0554	0.32	0.13	0
1.0585	0.33	0.13	0
1.0616	0.34	0.13	0
1.0646	0.35	0.13	0
1.0674	0.36	0.13	0
1.0701	0.37	0.13	0
1.0726	0.38	0.13	0
1.075	0.39	0.13	0
1.0771	0.4	0.13	0
1.0791	0.41	0.13	0
1.081	0.42	0.13	0
1.0826	0.43	0.13	0
1.084	0.44	0.13	0
1.0852	0.45	0.13	0
1.0862	0.46	0.13	0
1.087	0.47	0.13	0
1.0875	0.48	0.13	0
1.0879	0.49	0.13	0
1.088	0.5	0.13	0
0.97139	0	0.14	0
0.97151	0.01	0.14	0
0.97186	0.02	0.14	0
0.97245	0.03	0.14	0
0.97327	0.04	0.14	0
0.97432	0.05	0.14	0
0.97559	0.06	0.14	0
0.97709	0.07	0.14	0
0.97879	0.08	0.14	0
0.98071	0.09	0.14	0
0.98282	0.1	0.14	0
0.98512	0.11	0.14	0
0.9876	0.12	0.14	0
0.99026	0.13	0.14	0
0.99307	0.14	0.14	0
0.99604	0.15	0.14	0
0.99914	0.16	0.14	0
1.0024	0.17	0.14	0
1.0057	0.18	0.14	0
1.0091	0.19	0.14	0
1.0127	0.2	0.14	0
1.0163	0.21	0.14	0
1.0199	0.22	0.14	0
1.0236	0.23	0.14	0
1.0273	0.24	0.14	0
1.0311	0.25	0.14	0
1.0348	0.26	0.14	0
1.0385	0.27	0.14	0
1.0422	0.28	0.14	0
1.0459	0.29	0.14	0
1.0495	0.3	0.14	0
1.053	0.31	0.14	0
1.0564	0.32	0.14	0
1.0597	0.33	0.14	0
1.0629	0.34	0.14	0
1.066	0.35	0.14	0
1.069	0.36	0.14	0
1.0718	0.37	0.14	0
1.0744	0.38	0.14	0
1.0769	0.39	0.14	0
1.0791	0.4	0.14	0
1.0812	0.41	0.14	0
1.0831	0.42	0.14	0
1.0848	0.43	0.14	0
1.0863	0.44	0.14	0
1.0876	0.45	0.14	0
1.0886	0.46	0.14	0
1.0894	0.47	0.14	0
1.09	0.48	0.14	0
1.0903	0.49	0.14	0
1.0905	0.5	0.14	0
0.96859	0	0.15	0
0.96872	0.01	0.15	0
0.96909	0.02	0.15	0
0.9697	0.03	0.15	0
0.97056	0.04	0.15	0
0.97166	0.05	0.15	0
0.97299	0.06	0.15	0
0.97455	0.07	0.15	0
0.97633	0.08	0.15	0
0.97833	0.09	0.15	0
0.98054	0.1	0.15	0
0.98295	0.11	0.15	0
0.98555	0.12	0.15	0
0.98833	0.13	0.15	0
0.99127	0.14	0.15	0
0.99437	0.15	0.15	0
0.99762	0.16	0.15	0
1.001	0.17	0.15	0
1.0045	0.18	0.15	0
1.0081	0.19	0.15	0
1.0118	0.2	0.15	0
1.0155	0.21	0.15	0
1.0194	0.22	0.15	0
1.0232	0.23	0.15	0
1.0271	0.24	0.15	0
1.031	0.25	0.15	0
1.035	0.26	0.15	0
1.0388	0.27	0.15	0
1.0427	0.28	0.15	0
1.0465	0.29	0.15	0
1.0503	0.3	0.15	0
1.054	0.31	0.15	0
1.0575	0.32	0.15	0
1.061	0.33	0.15	0
1.0644	0.34	0.15	0
1.0676	0.35	0.15	0
1.0707	0.36	0.15	0
1.0736	0.37	0.15	0
1.0764	0.38	0.15	0
1.079	0.39	0.15	0
1.0813	0.4	0.15	0
1.0835	0.41	0.15	0
1.0855	0.42	0.15	0
1.0873	0.43	0.15	0
1.0888	0.44	0.15	0
1.0902	0.45	0.15	0
1.0912	0.46	0.15	0
1.0921	0.47	0.15	0
1.0927	0.48	0.15	0
1.0931	0.49	0.15	0
1.0932	0.5	0.15	0
0.96554	0	0.16	0
0.96567	0.01	0.16	0
0.96606	0.02	0.16	0
0.9667	0.03	0.16	0
0.9676	0.04	0.16	0
0.96875	0.05	0.16	0
0.97015	0.06	0.16	0
0.97178	0.07	0.16	0
0.97365	0.08	0.16	0
0.97575	0.09	0.16	0
0.97806	0.1	0.16	0
0.98059	0.11	0.16	0
0.98331	0.12	0.16	0
0.98622	0.13	0.16	0
0.98931	0.14	0.16	0
0.99256	0.15	0.16	0
0.99596	0.16	0.16	0
0.9995	0.17	0.16	0
1.0032	0.18	0.16	0
1.0069	0.19	0.16	0
1.0108	0.2	0.16	0
1.0147	0.21	0.16	0
1.0187	0.22	0.16	0
1.0228	0.23	0.16	0
1.0269	0.24	0.16	0
1.031	0.25	0.16	0
1.0351	0.26	0.16	0
1.0392	0.27	0.16	0
1.0432	0.28	0.16	0
1.0472	0.29	0.16	0
1.0512	0.3	0.16	0
1.055	0.31	0.16	0
1.0588	0.32	0.16	0
1.0624	0.33	0.16	0
1.0659	0.34	0.16	0
1.0693	0.35	0.16	0
1.0726	0.36	0.16	0
1.0756	0.37	0.16	0
1.0785	0.38	0.16	0
1.0812	0.39	0.16	0
1.0837	0.4	0.16	0
1.086	0.41	0.16	0
1.0881	0.42	0.16	0
1.09	0.43	0.16	0
1.0916	0.44	0.16	0
1.093	0.45	0.16	0
1.0941	0.46	0.16	0
1.095	0.47	0.16	0
1.0956	0.48	0.16	0
1.096	0.49	0.16	0
1.0962	0.5	0.16	0
0.96223	0	0.17	0
0.96236	0.01	0.17	0
0.96277	0.02	0.17	0
0.96345	0.03	0.17	0
0.96439	0.04	0.17	0
0.9656	0.05	0.17	0
0.96706	0.06	0.17	0
0.96878	0.07	0.17	0
0.97074	0.08	0.17	0
0.97294	0.09	0.17	0
0.97537	0.1	0.17	0
0.97802	0.11	0.17	0
0.98088	0.12	0.17	0
0.98393	0.13	0.17	0
0.98717	0.14	0.17	0
0.99058	0.15	0.17	0
0.99415	0.16	0.17	0
0.99787	0.17	0.17	0
1.0017	0.18	0.17	0
1.0057	0.19	0.17	0
1.0097	0.2	0.17	0
1.0139	0.21	0.17	0
1.0181	0.22	0.17	0
1.0223	0.23	0.17	0
1.0266	0.24	0.17	0
1.0309	0.25	0.17	0
1.0352	0.26	0.17	0
1.0395	0.27	0.17	0
1.0438	0.28	0.17	0
1.048	0.29	0.17	0
1.0521	0.3	0.17	0
1.0562	0.31	0.17	0
1.0601	0.32	0.17	0
1.0639	0.33	0.17	0
1.0676	0.34	0.17	0
1.0712	0.35	0.17	0
1.0746	0.36	0.17	0
1.0778	0.37	0.17	0
1.0808	0.38	0.17	0
1.0837	0.39	0.17	0
1.0863	0.4	0.17	0
1.0887	0.41	0.17	0
1.0909	0.42	0.17	0
1.0929	0.43	0.17	0
1.0946	0.44	0.17	0
1.096	0.45	0.17	0
1.0972	0.46	0.17	0
1.0982	0.47	0.17	0
1.0988	0.48	0.17	0
1.0992	0.49	0.17	0
1.0994	0.5	0.17	0
0.95863	0	0.18	0
0.95878	0.01	0.18	0
0.9592	0.02	0.18	0
0.95992	0.03	0.18	0
0.96091	0.04	0.18	0
0.96218	0.05	0.18	0
0.96372	0.06	0.18	0
0.96552	0.07	0.18	0
0.96758	0.08	0.18	0
0.9699	0.09	0.18	0
0.97245	0.1	0.18	0
0.97523	0.11	0.18	0
0.97824	0.12	0.18	0
0.98145	0.13	0.18	0
0.98485	0.14	0.18	0
0.98844	0.15	0.18	0
0.99219	0.16	0.18	0
0.9961	0.17	0.18	0
1.0001	0.18	0.18	0
1.0043	0.19	0.18	0
1.0086	0.2	0.18	0
1.0129	0.21	0.18	0
1.0174	0.22	0.18	0
1.0218	0.23	0.18	0
1.0263	0.24	0.18	0
1.0309	0.25	0.18	0
1.0354	0.26	0.18	0
1.0399	0.27	0.18	0
1.0444	0.28	0.18	0
1.0488	0.29	0.18	0
1.0531	0.3	0.18	0
1.0574	0.31	0.18	0
1.0615	0.32	0.18	0
1.0656	0.33	0.18	0
1.0695	0.34	0.18	0
1.0732	0.35	0.18	0
1.0768	0.36	0.18	0
1.0802	0.37	0.18	0
1.0834	0.38	0.18	0
1.0864	0.39	0.18	0
1.0891	0.4	0.18	0
1.0917	0.41	0.18	0
1.094	0.42	0.18	0
1.096	0.43	0.18	0
1.0978	0.44	0.18	0
1.0993	0.45	0.18	0
1.1006	0.46	0.18	0
1.1016	0.47	0.18	0
1.1023	0.48	0.18	0
1.1027	0.49	0.18	0
1.1029	0.5	0.18	0
0.95475	0	0.19	0
0.9549	0.01	0.19	0
0.95535	0.02	0.19	0
0.9561	0.03	0.19	0
0.95714	0.04	0.19	0
0.95848	0.05	0.19	0
0.9601	0.06	0.19	0
0.962	0.07	0.19	0
0.96417	0.08	0.19	0
0.9666	0.09	0.19	0
0.96929	0.1	0.19	0
0.97222	0.11	0.19	0
0.97538	0.12	0.19	0
0.97876	0.13	0.19	0
0.98235	0.14	0.19	0
0.98612	0.15	0.19	0
0.99007	0.16	0.19	0
0.99419	0.17	0.19	0
0.99844	0.18	0.19	0
1.0028	0.19	0.19	0
1.0073	0.2	0.19	0
1.0119	0.21	0.19	0
1.0166	0.22	0.19	0
1.0213	0.23	0.19	0
1.026	0.24	0.19	0
1.0308	0.25	0.19	0
1.0356	0.26	0.19	0
1.0403	0.27	0.19	0
1.045	0.28	0.19	0
1.0497	0.29	0.19	0
1.0542	0.3	0.19	0
1.0587	0.31	0.19	0
1.0631	0.32	0.19	0
1.0673	0.33	0.19	0
1.0714	0.34	0.19	0
1.0754	0.35	0.19	0
1.0791	0.36	0.19	0
1.0827	0.37	0.19	0
1.0861	0.38	0.19	0
1.0892	0.39	0.19	0
1.0921	0.4	0.19	0
1.0948	0.41	0.19	0
1.0972	0.42	0.19	0
1.0994	0.43	0.19	0
1.1013	0.44	0.19	0
1.1029	0.45	0.19	0
1.1042	0.46	0.19	0
1.1053	0.47	0.19	0
1.106	0.48	0.19	0
1.1065	0.49	0.19	0
1.1066	0.5	0.19	0
0.95055	0	0.2	0
0.95071	0.01	0.2	0
0.95119	0.02	0.2	0
0.95198	0.03	0.2	0
0.95308	0.04	0.2	0
0.95448	0.05	0.2	0
0.95619	0.06	0.2	0
0.95819	0.07	0.2	0
0.96048	0.08	0.2	0
0.96305	0.09	0.2	0
0.96588	0.1	0.2	0
0.96897	0.11	0.2	0
0.9723	0.12	0.2	0
0.97586	0.13	0.2	0
0.97964	0.14	0.2	0
0.98362	0.15	0.2	0
0.98778	0.16	0.2	0
0.99212	0.17	0.2	0
0.9966	0.18	0.2	0
1.0012	0.19	0.2	0
1.006	0.2	0.2	0
1.0108	0.21	0.2	0
1.0157	0.22	0.2	0
1.0207	0.23	0.2	0
1.0257	0.24	0.2	0
1.0307	0.25	0.2	0
1.0357	0.26	0.2	0
1.0407	0.27	0.2	0
1.0457	0.28	0.2	0
1.0506	0.29	0.2	0
1.0554	0.3	0.2	0
1.0602	0.31	0.2	0
1.0648	0.32	0.2	0
1.0693	0.33	0.2	0
1.0736	0.34	0.2	0
1.0777	0.35	0.2	0
1.0817	0.36	0.2	0
1.0855	0.37	0.2	0
1.089	0.38	0.2	0
1.0923	0.39	0.2	0
1.0954	0.4	0.2	0
1.0982	0.41	0.2	0
1.1008	0.42	0.2	0
1.1031	0.43	0.2	0
1.1051	0.44	0.2	0
1.1068	0.45	0.2	0
1.1082	0.46	0.2	0
1.1093	0.47	0.2	0
1.11	0.48	0.2	0
1.1105	0.49	0.2	0
1.1107	0.5	0.2	0
0.94603	0	0.21	0
0.9462	0.01	0.21	0
0.9467	0.02	0.21	0
0.94753	0.03	0.21	0
0.94869	0.04	0.21	0
0.95018	0.05	0.21	0
0.95198	0.06	0.21	0
0.95409	0.07	0.21	0
0.9565	0.08	0.21	0
0.95921	0.09	0.21	0
0.9622	0.1	0.21	0
0.96546	0.11	0.21	0
0.96897	0.12	0.21	0
0.97273	0.13	0.21	0
0.97672	0.14	0.21	0
0.98092	0.15	0.21	0
0.98531	0.16	0.21	0
0.98989	0.17	0.21	0
0.99462	0.18	0.21	0
0.9995	0.19	0.21	0
1.0045	0.2	0.21	0
1.0096	0.21	0.21	0
1.0148	0.22	0.21	0
1.02	0.23	0.21	0
1.0253	0.24	0.21	0
1.0306	0.25	0.21	0
1.0359	0.26	0.21	0
1.0412	0.27	0.21	0
1.0464	0.28	0.21	0
1.0516	0.29	0.21	0
1.0567	0.3	0.21	0
1.0617	0.31	0.21	0
1.0666	0.32	0.21	0
1.0713	0.33	0.21	0
1.0759	0.34	0.21	0
1.0802	0.35	0.21	0
1.0844	0.36	0.21	0
1.0884	0.37	0.21	0
1.0922	0.38	0.21	0
1.0957	0.39	0.21	0
1.0989	0.4	0.21	0
1.1019	0.41	0.21	0
1.1046	0.42	0.21	0
1.107	0.43	0.21	0
1.1091	0.44	0.21	0
1.1109	0.45	0.21	0
1.1124	0.46	0.21	0
1.1135	0.47	0.21	0
1.1144	0.48	0.21	0
1.1149	0.49	0.21	0
1.115	0.5	0.21	0
0.94117	0	0.22	0
0.94134	0.01	0.22	0
0.94187	0.02	0.22	0
0.94275	0.03	0.22	0
0.94397	0.04	0.22	0
0.94554	0.05	0.22	0
0.94744	0.06	0.22	0
0.94967	0.07	0.22	0
0.95222	0.08	0.22	0
0.95508	0.09	0.22	0
0.95824	0.1	0.22	0
0.96168	0.11	0.22	0
0.96539	0.12	0.22	0
0.96936	0.13	0.22	0
0.97357	0.14	0.22	0
0.97801	0.15	0.22	0
0.98265	0.16	0.22	0
0.98748	0.17	0.22	0
0.99248	0.18	0.22	0
0.99763	0.19	0.22	0
1.0029	0.2	0.22	0
1.0083	0.21	0.22	0
1.0138	0.22	0.22	0
1.0193	0.23	0.22	0
1.0249	0.24	0.22	0
1.0305	0.25	0.22	0
1.0361	0.26	0.22	0
1.0417	0.27	0.22	0
1.0472	0.28	0.22	0
1.0527	0.29	0.22	0
1.0581	0.3	0.22	0
1.0634	0.31	0.22	0
1.0685	0.32	0.22	0
1.0735	0.33	0.22	0
1.0783	0.34	0.22	0
1.083	0.35	0.22	0
1.0874	0.36	0.22	0
1.0916	0.37	0.22	0
1.0955	0.38	0.22	0
1.0992	0.39	0.22	0
1.1027	0.4	0.22	0
1.1058	0.41	0.22	0
1.1087	0.42	0.22	0
1.1112	0.43	0.22	0
1.1134	0.44	0.22	0
1.1153	0.45	0.22	0
1.1169	0.46	0.22	0
1.1181	0.47	0.22	0
1.119	0.48	0.22	0
1.1195	0.49	0.22	0
1.1197	0.5	0.22	0
0.93593	0	0.23	0
0.93612	0.01	0.23	0
0.93668	0.02	0.23	0
0.93761	0.03	0.23	0
0.9389	0.04	0.23	0
0.94056	0.05	0.23	0
0.94257	0.06	0.23	0
0.94492	0.07	0.23	0
0.94762	0.08	0.23	0
0.95064	0.09	0.23	0
0.95398	0.1	0.23	0
0.95761	0.11	0.23	0
0.96154	0.12	0.23	0
0.96574	0.13	0.23	0
0.97019	0.14	0.23	0
0.97487	0.15	0.23	0
0.97978	0.16	0.23	0
0.98489	0.17	0.23	0
0.99018	0.18	0.23	0
0.99562	0.19	0.23	0
1.0012	0.2	0.23	0
1.0069	0.21	0.23	0
1.0127	0.22	0.23	0
1.0185	0.23	0.23	0
1.0244	0.24	0.23	0
1.0304	0.25	0.23	0
1.0363	0.26	0.23	0
1.0422	0.27	0.23	0
1.0481	0.28	0.23	0
1.0539	0.29	0.23	0
1.0595	0.3	0.23	0
1.0651	0.31	0.23	0
1.0706	0.32	0.23	0
1.0758	0.33	0.23	0
1.0809	0.34	0.23	0
1.0858	0.35	0.23	0
1.0905	0.36	0.23	0
1.095	0.37	0.23	0
1.0992	0.38	0.23	0
1.1031	0.39	0.23	0
1.1067	0.4	0.23	0
1.11	0.41	0.23	0
1.1131	0.42	0.23	0
1.1158	0.43	0.23	0
1.1181	0.44	0.23	0
1.1201	0.45	0.23	0
1.1218	0.46	0.23	0
1.1231	0.47	0.23	0
1.124	0.48	0.23	0
1.1245	0.49	0.23	0
1.1247	0.5	0.23	0
0.93031	0	0.24	0
0.93051	0.01	0.24	0
0.9311	0.02	0.24	0
0.93208	0.03	0.24	0
0.93345	0.04	0.24	0
0.9352	0.05	0.24	0
0.93733	0.06	0.24	0
0.93982	0.07	0.24	0
0.94267	0.08	0.24	0
0.94587	0.09	0.24	0
0.9494	0.1	0.24	0
0.95325	0.11	0.24	0
0.9574	0.12	0.24	0
0.96184	0.13	0.24	0
0.96655	0.14	0.24	0
0.97151	0.15	0.24	0
0.9767	0.16	0.24	0
0.9821	0.17	0.24	0
0.98769	0.18	0.24	0
0.99345	0.19	0.24	0
0.99936	0.2	0.24	0
1.0054	0.21	0.24	0
1.0115	0.22	0.24	0
1.0177	0.23	0.24	0
1.024	0.24	0.24	0
1.0302	0.25	0.24	0
1.0365	0.26	0.24	0
1.0428	0.27	0.24	0
1.049	0.28	0.24	0
1.0551	0.29	0.24	0
1.0611	0.3	0.24	0
1.067	0.31	0.24	0
1.0728	0.32	0.24	0
1.0784	0.33	0.24	0
1.0838	0.34	0.24	0
1.0889	0.35	0.24	0
1.0939	0.36	0.24	0
1.0986	0.37	0.24	0
1.103	0.38	0.24	0
1.1072	0.39	0.24	0
1.111	0.4	0.24	0
1.1146	0.41	0.24	0
1.1178	0.42	0.24	0
1.1206	0.43	0.24	0
1.1231	0.44	0.24	0
1.1252	0.45	0.24	0
1.127	0.46	0.24	0
1.1283	0.47	0.24	0
1.1293	0.48	0.24	0
1.1299	0.49	0.24	0
1.1301	0.5	0.24	0
0.92427	0	0.25	0
0.92448	0.01	0.25	0
0.92511	0.02	0.25	0
0.92615	0.03	0.25	0
0.9276	0.04	0.25	0
0.92945	0.05	0.25	0
0.9317	0.06	0.25	0
0.93434	0.07	0.25	0
0.93736	0.08	0.25	0
0.94074	0.09	0.25	0
0.94448	0.1	0.25	0
0.94855	0.11	0.25	0
0.95295	0.12	0.25	0
0.95765	0.13	0.25	0
0.96263	0.14	0.25	0
0.96789	0.15	0.25	0
0.97338	0.16	0.25	0
0.9791	0.17	0.25	0
0.98503	0.18	0.25	0
0.99113	0.19	0.25	0
0.99738	0.2	0.25	0
1.0038	0.21	0.25	0
1.0102	0.22	0.25	0
1.0168	0.23	0.25	0
1.0234	0.24	0.25	0
1.0301	0.25	0.25	0
1.0367	0.26	0.25	0
1.0433	0.27	0.25	0
1.0499	0.28	0.25	0
1.0564	0.29	0.25	0
1.0628	0.3	0.25	0
1.069	0.31	0.25	0
1.0751	0.32	0.25	0
1.081	0.33	0.25	0
1.0868	0.34	0.25	0
1.0923	0.35	0.25	0
1.0975	0.36	0.25	0
1.1025	0.37	0.25	0
1.1072	0.38	0.25	0
1.1116	0.39	0.25	0
1.1157	0.4	0.25	0
1.1194	0.41	0.25	0
1.1228	0.42	0.25	0
1.1258	0.43	0.25	0
1.1284	0.44	0.25	0
1.1307	0.45	0.25	0
1.1326	0.46	0.25	0
1.134	0.47	0.25	0
1.135	0.48	0.25	0
1.1357	0.49	0.25	0
1.1359	0.5	0.25	0
0.9178	0	0.26	0
0.91802	0.01	0.26	0
0.91868	0.02	0.26	0
0.91979	0.03	0.26	0
0.92132	0.04	0.26	0
0.92329	0.05	0.26	0
0.92567	0.06	0.26	0
0.92847	0.07	0.26	0
0.93166	0.08	0.26	0
0.93525	0.09	0.26	0
0.9392	0.1	0.26	0
0.94352	0.11	0.26	0
0.94817	0.12	0.26	0
0.95315	0.13	0.26	0
0.95843	0.14	0.26	0
0.964	0.15	0.26	0
0.96982	0.16	0.26	0
0.97588	0.17	0.26	0
0.98216	0.18	0.26	0
0.98862	0.19	0.26	0
0.99525	0.2	0.26	0
1.002	0.21	0.26	0
1.0089	0.22	0.26	0
1.0158	0.23	0.26	0
1.0229	0.24	0.26	0
1.0299	0.25	0.26	0
1.0369	0.26	0.26	0
1.0439	0.27	0.26	0
1.0509	0.28	0.26	0
1.0578	0.29	0.26	0
1.0645	0.3	0.26	0
1.0712	0.31	0.26	0
1.0776	0.32	0.26	0
1.0839	0.33	0.26	0
1.09	0.34	0.26	0
1.0958	0.35	0.26	0
1.1014	0.36	0.26	0
1.1067	0.37	0.26	0
1.1116	0.38	0.26	0
1.1163	0.39	0.26	0
1.1206	0.4	0.26	0
1.1246	0.41	0.26	0
1.1282	0.42	0.26	0
1.1314	0.43	0.26	0
1.1342	0.44	0.26	0
1.1366	0.45	0.26	0
1.1385	0.46	0.26	0
1.1401	0.47	0.26	0
1.1412	0.48	0.26	0
1.1418	0.49	0.26	0
1.142	0.5	0.26	0
0.91086	0	0.27	0
0.91109	0.01	0.27	0
0.9118	0.02	0.27	0
0.91296	0.03	0.27	0
0.91459	0.04	0.27	0
0.91667	0.05	0.27	0
0.9192	0.06	0.27	0
0.92216	0.07	0.27	0
0.92555	0.08	0.27	0
0.92935	0.09	0.27	0
0.93354	0.1	0.27	0
0.93812	0.11	0.27	0
0.94305	0.12	0.27	0
0.94833	0.13	0.27	0
0.95393	0.14	0.27	0
0.95982	0.15	0.27	0
0.966	0.16	0.27	0
0.97242	0.17	0.27	0
0.97908	0.18	0.27	0
0.98593	0.19	0.27	0
0.99295	0.2	0.27	0
1.0001	0.21	0.27	0
1.0074	0.22	0.27	0
1.0148	0.23	0.27	0
1.0222	0.24	0.27	0
1.0297	0.25	0.27	0
1.0372	0.26	0.27	0
1.0446	0.27	0.27	0
1.052	0.28	0.27	0
1.0593	0.29	0.27	0
1.0664	0.3	0.27	0
1.0735	0.31	0.27	0
1.0803	0.32	0.27	0
1.087	0.33	0.27	0
1.0934	0.34	0.27	0
1.0996	0.35	0.27	0
1.1055	0.36	0.27	0
1.1111	0.37	0.27	0
1.1164	0.38	0.27	0
1.1213	0.39	0.27	0
1.1259	0.4	0.27	0
1.1301	0.41	0.27	0
1.1339	0.42	0.27	0
1.1373	0.43	0.27	0
1.1403	0.44	0.27	0
1.1428	0.45	0.27	0
1.1449	0.46	0.27	0
1.1465	0.47	0.27	0
1.1477	0.48	0.27	0
1.1484	0.49	0.27	0
1.1486	0.5	0.27	0
0.90342	0	0.28	0
0.90367	0.01	0.28	0
0.90442	0.02	0.28	0
0.90565	0.03	0.28	0
0.90738	0.04	0.28	0
0.90959	0.05	0.28	0
0.91226	0.06	0.28	0
0.91541	0.07	0.28	0
0.919	0.08	0.28	0
0.92303	0.09	0.28	0
0.92747	0.1	0.28	0
0.93232	0.11	0.28	0
0.93756	0.12	0.28	0
0.94315	0.13	0.28	0
0.94909	0.14	0.28	0
0.95535	0.15	0.28	0
0.96189	0.16	0.28	0
0.96871	0.17	0.28	0
0.97576	0.18	0.28	0
0.98303	0.19	0.28	0
0.99048	0.2	0.28	0
0.99809	0.21	0.28	0
1.0058	0.22	0.28	0
1.0136	0.23	0.28	0
1.0215	0.24	0.28	0
1.0295	0.25	0.28	0
1.0374	0.26	0.28	0
1.0453	0.27	0.28	0
1.0531	0.28	0.28	0
1.0608	0.29	0.28	0
1.0684	0.3	0.28	0
1.0759	0.31	0.28	0
1.0832	0.32	0.28	0
1.0902	0.33	0.28	0
1.0971	0.34	0.28	0
1.1036	0.35	0.28	0
1.1099	0.36	0.28	0
1.1158	0.37	0.28	0
1.1214	0.38	0.28	0
1.1267	0.39	0.28	0
1.1316	0.4	0.28	0
1.136	0.41	0.28	0
1.1401	0.42	0.28	0
1.1437	0.43	0.28	0
1.1468	0.44	0.28	0
1.1495	0.45	0.28	0
1.1517	0.46	0.28	0
1.1534	0.47	0.28	0
1.1547	0.48	0.28	0
1.1554	0.49	0.28	0
1.1557	0.5	0.28	0
0.89546	0	0.29	0
0.89572	0.01	0.29	0
0.89651	0.02	0.29	0
0.89782	0.03	0.29	0
0.89965	0.04	0.29	0
0.90199	0.05	0.29	0
0.90483	0.06	0.29	0
0.90817	0.07	0.29	0
0.91198	0.08	0.29	0
0.91625	0.09	0.29	0
0.92097	0.1	0.29	0
0.92611	0.11	0.29	0
0.93167	0.12	0.29	0
0.93761	0.13	0.29	0
0.9439	0.14	0.29	0
0.95054	0.15	0.29	0
0.95749	0.16	0.29	0
0.96472	0.17	0.29	0
0.97221	0.18	0.29	0
0.97992	0.19	0.29	0
0.98783	0.2	0.29	0
0.9959	0.21	0.29	0
1.0041	0.22	0.29	0
1.0124	0.23	0.29	0
1.0208	0.24	0.29	0
1.0292	0.25	0.29	0
1.0376	0.26	0.29	0
1.046	0.27	0.29	0
1.0543	0.28	0.29	0
1.0625	0.29	0.29	0
1.0706	0.3	0.29	0
1.0785	0.31	0.29	0
1.0862	0.32	0.29	0
1.0937	0.33	0.29	0
1.101	0.34	0.29	0
1.1079	0.35	0.29	0
1.1146	0.36	0.29	0
1.1209	0.37	0.29	0
1.1269	0.38	0.29	0
1.1324	0.39	0.29	0
1.1376	0.4	0.29	0
1.1423	0.41	0.29	0
1.1466	0.42	0.29	0
1.1504	0.43	0.29	0
1.1538	0.44	0.29	0
1.1566	0.45	0.29	0
1.159	0.46	0.29	0
1.1608	0.47	0.29	0
1.1621	0.48	0.29	0
1.1629	0.49	0.29	0
1.1632	0.5	0.29	0
0.88692	0	0.3	0
0.8872	0.01	0.3	0
0.88804	0.02	0.3	0
0.88943	0.03	0.3	0
0.89138	0.04	0.3	0
0.89386	0.05	0.3	0
0.89688	0.06	0.3	0
0.90041	0.07	0.3	0
0.90446	0.08	0.3	0
0.90899	0.09	0.3	0
0.914	0.1	0.3	0
0.91946	0.11	0.3	0
0.92535	0.12	0.3	0
0.93166	0.13	0.3	0
0.93834	0.14	0.3	0
0.94539	0.15	0.3	0
0.95276	0.16	0.3	0
0.96044	0.17	0.3	0
0.96839	0.18	0.3	0
0.97658	0.19	0.3	0
0.98497	0.2	0.3	0
0.99354	0.21	0.3	0
1.0023	0.22	0.3	0
1.0111	0.23	0.3	0
1.02	0.24	0.3	0
1.0289	0.25	0.3	0
1.0378	0.26	0.3	0
1.0467	0.27	0.3	0
1.0555	0.28	0.3	0
1.0643	0.29	0.3	0
1.0728	0.3	0.3	0
1.0812	0.31	0.3	0
1.0895	0.32	0.3	0
1.0974	0.33	0.3	0
1.1051	0.34	0.3	0
1.1125	0.35	0.3	0
1.1196	0.36	0.3	0
1.1263	0.37	0.3	0
1.1326	0.38	0.3	0
1.1385	0.39	0.3	0
1.144	0.4	0.3	0
1.149	0.41	0.3	0
1.1536	0.42	0.3	0
1.1577	0.43	0.3	0
1.1612	0.44	0.3	0
1.1642	0.45	0.3	0
1.1667	0.46	0.3	0
1.1687	0.47	0.3	0
1.1701	0.48	0.3	0
1.1709	0.49	0.3	0
1.1712	0.5	0.3	0
0.87779	0	0.31	0
0.87808	0.01	0.31	0
0.87897	0.02	0.31	0
0.88045	0.03	0.31	0
0.88251	0.04	0.31	0
0.88515	0.05	0.31	0
0.88835	0.06	0.31	0
0.89211	0.07	0.31	0
0.8964	0.08	0.31	0
0.90122	0.09	0.31	0
0.90653	0.1	0.31	0
0.91233	0.11	0.31	0
0.91859	0.12	0.31	0
0.92528	0.13	0.31	0
0.93238	0.14	0.31	0
0.93986	0.15	0.31	0
0.9477	0.16	0.31	0
0.95585	0.17	0.31	0
0.96429	0.18	0.31	0
0.97299	0.19	0.31	0
0.9819	0.2	0.31	0
0.99101	0.21	0.31	0
1.0003	0.22	0.31	0
1.0096	0.23	0.31	0
1.0191	0.24	0.31	0
1.0286	0.25	0.31	0
1.038	0.26	0.31	0
1.0475	0.27	0.31	0
1.0569	0.28	0.31	0
1.0661	0.29	0.31	0
1.0752	0.3	0.31	0
1.0842	0.31	0.31	0
1.0929	0.32	0.31	0
1.1014	0.33	0.31	0
1.1095	0.34	0.31	0
1.1174	0.35	0.31	0
1.1249	0.36	0.31	0
1.132	0.37	0.31	0
1.1387	0.38	0.31	0
1.145	0.39	0.31	0
1.1509	0.4	0.31	0
1.1562	0.41	0.31	0
1.161	0.42	0.31	0
1.1654	0.43	0.31	0
1.1691	0.44	0.31	0
1.1724	0.45	0.31	0
1.175	0.46	0.31	0
1.1771	0.47	0.31	0
1.1786	0.48	0.31	0
1.1795	0.49	0.31	0
1.1798	0.5	0.31	0
0.868	0	0.32	0
0.86832	0.01	0.32	0
0.86926	0.02	0.32	0
0.87083	0.03	0.32	0
0.87302	0.04	0.32	0
0.87582	0.05	0.32	0
0.87923	0.06	0.32	0
0.88321	0.07	0.32	0
0.88777	0.08	0.32	0
0.89289	0.09	0.32	0
0.89853	0.1	0.32	0
0.90469	0.11	0.32	0
0.91134	0.12	0.32	0
0.91845	0.13	0.32	0
0.92599	0.14	0.32	0
0.93394	0.15	0.32	0
0.94226	0.16	0.32	0
0.95092	0.17	0.32	0
0.95989	0.18	0.32	0
0.96912	0.19	0.32	0
0.9786	0.2	0.32	0
0.98827	0.21	0.32	0
0.9981	0.22	0.32	0
1.0081	0.23	0.32	0
1.0181	0.24	0.32	0
1.0282	0.25	0.32	0
1.0382	0.26	0.32	0
1.0483	0.27	0.32	0
1.0582	0.28	0.32	0
1.0681	0.29	0.32	0
1.0778	0.3	0.32	0
1.0873	0.31	0.32	0
1.0965	0.32	0.32	0
1.1055	0.33	0.32	0
1.1142	0.34	0.32	0
1.1226	0.35	0.32	0
1.1306	0.36	0.32	0
1.1381	0.37	0.32	0
1.1453	0.38	0.32	0
1.152	0.39	0.32	0
1.1582	0.4	0.32	0
1.1638	0.41	0.32	0
1.169	0.42	0.32	0
1.1736	0.43	0.32	0
1.1776	0.44	0.32	0
1.181	0.45	0.32	0
1.1838	0.46	0.32	0
1.186	0.47	0.32	0
1.1876	0.48	0.32	0
1.1886	0.49	0.32	0
1.1889	0.5	0.32	0
0.85753	0	0.33	0
0.85787	0.01	0.33	0
0.85887	0.02	0.33	0
0.86054	0.03	0.33	0
0.86286	0.04	0.33	0
0.86584	0.05	0.33	0
0.86945	0.06	0.33	0
0.87369	0.07	0.33	0
0.87853	0.08	0.33	0
0.88397	0.09	0.33	0
0.88997	0.1	0.33	0
0.89651	0.11	0.33	0
0.90357	0.12	0.33	0
0.91112	0.13	0.33	0
0.91914	0.14	0.33	0
0.92758	0.15	0.33	0
0.93642	0.16	0.33	0
0.94563	0.17	0.33	0
0.95516	0.18	0.33	0
0.96498	0.19	0.33	0
0.97504	0.2	0.33	0
0.98532	0.21	0.33	0
0.99577	0.22	0.33	0
1.0063	0.23	0.33	0
1.017	0.24	0.33	0
1.0277	0.25	0.33	0
1.0384	0.26	0.33	0
1.0491	0.27	0.33	0
1.0597	0.28	0.33	0
1.0702	0.29	0.33	0
1.0805	0.3	0.33	0
1.0906	0.31	0.33	0
1.1004	0.32	0.33	0
1.11	0.33	0.33	0
1.1192	0.34	0.33	0
1.1281	0.35	0.33	0
1.1366	0.36	0.33	0
1.1446	0.37	0.33	0
1.1522	0.38	0.33	0
1.1593	0.39	0.33	0
1.1659	0.4	0.33	0
1.172	0.41	0.33	0
1.1774	0.42	0.33	0
1.1823	0.43	0.33	0
1.1866	0.44	0.33	0
1.1902	0.45	0.33	0
1.1932	0.46	0.33	0
1.1956	0.47	0.33	0
1.1972	0.48	0.33	0
1.1983	0.49	0.33	0
1.1986	0.5	0.33	0
0.84632	0	0.34	0
0.84668	0.01	0.34	0
0.84774	0.02	0.34	0
0.84952	0.03	0.34	0
0.85199	0.04	0.34	0
0.85515	0.05	0.34	0
0.85899	0.06	0.34	0
0.86349	0.07	0.34	0
0.86864	0.08	0.34	0
0.87441	0.09	0.34	0
0.88079	0.1	0.34	0
0.88774	0.11	0.34	0
0.89525	0.12	0.34	0
0.90327	0.13	0.34	0
0.91179	0.14	0.34	0
0.92077	0.15	0.34	0
0.93017	0.16	0.34	0
0.93995	0.17	0.34	0
0.95008	0.18	0.34	0
0.96052	0.19	0.34	0
0.97122	0.2	0.34	0
0.98215	0.21	0.34	0
0.99326	0.22	0.34	0
1.0045	0.23	0.34	0
1.0158	0.24	0.34	0
1.0272	0.25	0.34	0
1.0386	0.26	0.34	0
1.05	0.27	0.34	0
1.0612	0.28	0.34	0
1.0724	0.29	0.34	0
1.0833	0.3	0.34	0
1.094	0.31	0.34	0
1.1045	0.32	0.34	0
1.1147	0.33	0.34	0
1.1245	0.34	0.34	0
1.134	0.35	0.34	0
1.143	0.36	0.34	0
1.1516	0.37	0.34	0
1.1596	0.38	0.34	0
1.1672	0.39	0.34	0
1.1742	0.4	0.34	0
1.1806	0.41	0.34	0
1.1864	0.42	0.34	0
1.1916	0.43	0.34	0
1.1962	0.44	0.34	0
1.2	0.45	0.34	0
1.2032	0.46	0.34	0
1.2057	0.47	0.34	0
1.2075	0.48	0.34	0
1.2086	0.49	0.34	0
1.2089	0.5	0.34	0
0.83432	0	0.35	0
0.8347	0.01	0.35	0
0.83583	0.02	0.35	0
0.83772	0.03	0.35	0
0.84034	0.04	0.35	0
0.8437	0.05	0.35	0
0.84778	0.06	0.35	0
0.85257	0.07	0.35	0
0.85804	0.08	0.35	0
0.86418	0.09	0.35	0
0.87095	0.1	0.35	0
0.87835	0.11	0.35	0
0.88633	0.12	0.35	0
0.89486	0.13	0.35	0
0.90391	0.14	0.35	0
0.91346	0.15	0.35	0
0.92345	0.16	0.35	0
0.93385	0.17	0.35	0
0.94462	0.18	0.35	0
0.95572	0.19	0.35	0
0.9671	0.2	0.35	0
0.97872	0.21	0.35	0
0.99054	0.22	0.35	0
1.0025	0.23	0.35	0
1.0146	0.24	0.35	0
1.0267	0.25	0.35	0
1.0388	0.26	0.35	0
1.0508	0.27	0.35	0
1.0628	0.28	0.35	0
1.0747	0.29	0.35	0
1.0863	0.3	0.35	0
1.0977	0.31	0.35	0
1.1089	0.32	0.35	0
1.1197	0.33	0.35	0
1.1301	0.34	0.35	0
1.1402	0.35	0.35	0
1.1498	0.36	0.35	0
1.1589	0.37	0.35	0
1.1675	0.38	0.35	0
1.1755	0.39	0.35	0
1.183	0.4	0.35	0
1.1898	0.41	0.35	0
1.196	0.42	0.35	0
1.2015	0.43	0.35	0
1.2064	0.44	0.35	0
1.2105	0.45	0.35	0
1.2139	0.46	0.35	0
1.2165	0.47	0.35	0
1.2184	0.48	0.35	0
1.2196	0.49	0.35	0
1.2199	0.5	0.35	0
0.82147	0	0.36	0
0.82187	0.01	0.36	0
0.82308	0.02	0.36	0
0.82508	0.03	0.36	0
0.82787	0.04	0.36	0
0.83144	0.05	0.36	0
0.83578	0.06	0.36	0
0.84087	0.07	0.36	0
0.84669	0.08	0.36	0
0.85321	0.09	0.36	0
0.86042	0.1	0.36	0
0.86828	0.11	0.36	0
0.87676	0.12	0.36	0
0.88584	0.13	0.36	0
0.89547	0.14	0.36	0
0.90561	0.15	0.36	0
0.91624	0.16	0.36	0
0.9273	0.17	0.36	0
0.93876	0.18	0.36	0
0.95056	0.19	0.36	0
0.96267	0.2	0.36	0
0.97503	0.21	0.36	0
0.98759	0.22	0.36	0
1.0003	0.23	0.36	0
1.0131	0.24	0.36	0
1.026	0.25	0.36	0
1.0389	0.26	0.36	0
1.0518	0.27	0.36	0
1.0645	0.28	0.36	0
1.0771	0.29	0.36	0
1.0895	0.3	0.36	0
1.1016	0.31	0.36	0
1.1135	0.32	0.36	0
1.125	0.33	0.36	0
1.1361	0.34	0.36	0
1.1468	0.35	0.36	0
1.157	0.36	0.36	0
1.1667	0.37	0.36	0
1.1759	0.38	0.36	0
1.1844	0.39	0.36	0
1.1923	0.4	0.36	0
1.1996	0.41	0.36	0
1.2062	0.42	0.36	0
1.2121	0.43	0.36	0
1.2172	0.44	0.36	0
1.2216	0.45	0.36	0
1.2252	0.46	0.36	0
1.228	0.47	0.36	0
1.2301	0.48	0.36	0
1.2313	0.49	0.36	0
1.2317	0.5	0.36	0
0.80771	0	0.37	0
0.80813	0.01	0.37	0
0.80941	0.02	0.37	0
0.81154	0.03	0.37	0
0.81451	0.04	0.37	0
0.81831	0.05	0.37	0
0.82292	0.06	0.37	0
0.82833	0.07	0.37	0
0.83452	0.08	0.37	0
0.84146	0.09	0.37	0
0.84912	0.1	0.37	0
0.85748	0.11	0.37	0
0.86651	0.12	0.37	0
0.87616	0.13	0.37	0
0.8864	0.14	0.37	0
0.89719	0.15	0.37	0
0.9085	0.16	0.37	0
0.92027	0.17	0.37	0
0.93245	0.18	0.37	0
0.94501	0.19	0.37	0
0.95789	0.2	0.37	0
0.97104	0.21	0.37	0
0.98441	0.22	0.37	0
0.99795	0.23	0.37	0
1.0116	0.24	0.37	0
1.0253	0.25	0.37	0
1.039	0.26	0.37	0
1.0527	0.27	0.37	0
1.0662	0.28	0.37	0
1.0796	0.29	0.37	0
1.0928	0.3	0.37	0
1.1058	0.31	0.37	0
1.1184	0.32	0.37	0
1.1306	0.33	0.37	0
1.1425	0.34	0.37	0
1.1538	0.35	0.37	0
1.1647	0.36	0.37	0
1.175	0.37	0.37	0
1.1848	0.38	0.37	0
1.1939	0.39	0.37	0
1.2023	0.4	0.37	0
1.21	0.41	0.37	0
1.217	0.42	0.37	0
1.2233	0.43	0.37	0
1.2288	0.44	0.37	0
1.2334	0.45	0.37	0
1.2373	0.46	0.37	0
1.2403	0.47	0.37	0
1.2424	0.48	0.37	0
1.2437	0.49	0.37	0
1.2442	0.5	0.37	0
0.79296	0	0.38	0
0.79341	0.01	0.38	0
0.79478	0.02	0.38	0
0.79704	0.03	0.38	0
0.8002	0.04	0.38	0
0.80424	0.05	0.38	0
0.80915	0.06	0.38	0
0.8149	0.07	0.38	0
0.82148	0.08	0.38	0
0.82886	0.09	0.38	0
0.83701	0.1	0.38	0
0.84591	0.11	0.38	0
0.85551	0.12	0.38	0
0.86577	0.13	0.38	0
0.87667	0.14	0.38	0
0.88816	0.15	0.38	0
0.90018	0.16	0.38	0
0.9127	0.17	0.38	0
0.92567	0.18	0.38	0
0.93903	0.19	0.38	0
0.95274	0.2	0.38	0
0.96673	0.21	0.38	0
0.98096	0.22	0.38	0
0.99537	0.23	0.38	0
1.0099	0.24	0.38	0
1.0245	0.25	0.38	0
1.0391	0.26	0.38	0
1.0536	0.27	0.38	0
1.0681	0.28	0.38	0
1.0823	0.29	0.38	0
1.0964	0.3	0.38	0
1.1101	0.31	0.38	0
1.1235	0.32	0.38	0
1.1366	0.33	0.38	0
1.1492	0.34	0.38	0
1.1613	0.35	0.38	0
1.1729	0.36	0.38	0
1.1838	0.37	0.38	0
1.1942	0.38	0.38	0
1.2039	0.39	0.38	0
1.2129	0.4	0.38	0
1.2211	0.41	0.38	0
1.2286	0.42	0.38	0
1.2352	0.43	0.38	0
1.2411	0.44	0.38	0
1.246	0.45	0.38	0
1.2501	0.46	0.38	0
1.2533	0.47	0.38	0
1.2556	0.48	0.38	0
1.257	0.49	0.38	0
1.2574	0.5	0.38	0
0.77716	0	0.39	0
0.77764	0.01	0.39	0
0.77909	0.02	0.39	0
0.7815	0.03	0.39	0
0.78486	0.04	0.39	0
0.78916	0.05	0.39	0
0.79438	0.06	0.39	0
0.8005	0.07	0.39	0
0.8075	0.08	0.39	0
0.81535	0.09	0.39	0
0.82403	0.1	0.39	0
0.83349	0.11	0.39	0
0.8437	0.12	0.39	0
0.85463	0.13	0.39	0
0.86623	0.14	0.39	0
0.87845	0.15	0.39	0
0.89125	0.16	0.39	0
0.90457	0.17	0.39	0
0.91837	0.18	0.39	0
0.9326	0.19	0.39	0
0.94718	0.2	0.39	0
0.96208	0.21	0.39	0
0.97723	0.22	0.39	0
0.99256	0.23	0.39	0
1.008	0.24	0.39	0
1.0236	0.25	0.39	0
1.0391	0.26	0.39	0
1.0546	0.27	0.39	0
1.0699	0.28	0.39	0
1.0851	0.29	0.39	0
1.1001	0.3	0.39	0
1.1147	0.31	0.39	0
1.129	0.32	0.39	0
1.1429	0.33	0.39	0
1.1563	0.34	0.39	0
1.1692	0.35	0.39	0
1.1815	0.36	0.39	0
1.1932	0.37	0.39	0
1.2042	0.38	0.39	0
1.2146	0.39	0.39	0
1.2241	0.4	0.39	0
1.2329	0.41	0.39	0
1.2408	0.42	0.39	0
1.2479	0.43	0.39	0
1.2541	0.44	0.39	0
1.2594	0.45	0.39	0
1.2638	0.46	0.39	0
1.2672	0.47	0.39	0
1.2696	0.48	0.39	0
1.2711	0.49	0.39	0
1.2716	0.5	0.39	0
0.76021	0	0.4	0
0.76073	0.01	0.4	0
0.76227	0.02	0.4	0
0.76483	0.03	0.4	0
0.76841	0.04	0.4	0
0.77298	0.05	0.4	0
0.77854	0.06	0.4	0
0.78505	0.07	0.4	0
0.7925	0.08	0.4	0
0.80086	0.09	0.4	0
0.81009	0.1	0.4	0
0.82016	0.11	0.4	0
0.83103	0.12	0.4	0
0.84266	0.13	0.4	0
0.85501	0.14	0.4	0
0.86801	0.15	0.4	0
0.88164	0.16	0.4	0
0.89582	0.17	0.4	0
0.91052	0.18	0.4	0
0.92566	0.19	0.4	0
0.94119	0.2	0.4	0
0.95705	0.21	0.4	0
0.97317	0.22	0.4	0
0.9895	0.23	0.4	0
1.006	0.24	0.4	0
1.0225	0.25	0.4	0
1.039	0.26	0.4	0
1.0555	0.27	0.4	0
1.0719	0.28	0.4	0
1.0881	0.29	0.4	0
1.104	0.3	0.4	0
1.1196	0.31	0.4	0
1.1348	0.32	0.4	0
1.1496	0.33	0.4	0
1.1639	0.34	0.4	0
1.1776	0.35	0.4	0
1.1907	0.36	0.4	0
1.2032	0.37	0.4	0
1.2149	0.38	0.4	0
1.2259	0.39	0.4	0
1.2361	0.4	0.4	0
1.2454	0.41	0.4	0
1.2539	0.42	0.4	0
1.2614	0.43	0.4	0
1.268	0.44	0.4	0
1.2736	0.45	0.4	0
1.2783	0.46	0.4	0
1.2819	0.47	0.4	0
1.2845	0.48	0.4	0
1.2861	0.49	0.4	0
1.2866	0.5	0.4	0
0.74204	0	0.41	0
0.74259	0.01	0.41	0
0.74423	0.02	0.41	0
0.74695	0.03	0.41	0
0.75076	0.04	0.41	0
0.75563	0.05	0.41	0
0.76154	0.06	0.41	0
0.76848	0.07	0.41	0
0.77641	0.08	0.41	0
0.7853	0.09	0.41	0
0.79513	0.1	0.41	0
0.80585	0.11	0.41	0
0.81742	0.12	0.41	0
0.8298	0.13	0.41	0
0.84295	0.14	0.41	0
0.8568	0.15	0.41	0
0.8713	0.16	0.41	0
0.88641	0.17	0.41	0
0.90205	0.18	0.41	0
0.91818	0.19	0.41	0
0.93471	0.2	0.41	0
0.9516	0.21	0.41	0
0.96877	0.22	0.41	0
0.98616	0.23	0.41	0
1.0037	0.24	0.41	0
1.0213	0.25	0.41	0
1.0389	0.26	0.41	0
1.0565	0.27	0.41	0
1.0739	0.28	0.41	0
1.0911	0.29	0.41	0
1.1081	0.3	0.41	0
1.1247	0.31	0.41	0
1.1409	0.32	0.41	0
1.1566	0.33	0.41	0
1.1718	0.34	0.41	0
1.1865	0.35	0.41	0
1.2004	0.36	0.41	0
1.2137	0.37	0.41	0
1.2262	0.38	0.41	0
1.2379	0.39	0.41	0
1.2488	0.4	0.41	0
1.2587	0.41	0.41	0
1.2677	0.42	0.41	0
1.2757	0.43	0.41	0
1.2828	0.44	0.41	0
1.2888	0.45	0.41	0
1.2937	0.46	0.41	0
1.2976	0.47	0.41	0
1.3003	0.48	0.41	0
1.302	0.49	0.41	0
1.3026	0.5	0.41	0
0.72253	0	0.42	0
0.72311	0.01	0.42	0
0.72486	0.02	0.42	0
0.72776	0.03	0.42	0
0.73181	0.04	0.42	0
0.73699	0.05	0.42	0
0.74329	0.06	0.42	0
0.75067	0.07	0.42	0
0.75912	0.08	0.42	0
0.76859	0.09	0.42	0
0.77905	0.1	0.42	0
0.79047	0.11	0.42	0
0.80279	0.12	0.42	0
0.81598	0.13	0.42	0
0.82997	0.14	0.42	0
0.84473	0.15	0.42	0
0.86018	0.16	0.42	0
0.87626	0.17	0.42	0
0.89293	0.18	0.42	0
0.9101	0.19	0.42	0
0.92771	0.2	0.42	0
0.9457	0.21	0.42	0
0.96399	0.22	0.42	0
0.98251	0.23	0.42	0
1.0012	0.24	0.42	0
1.0199	0.25	0.42	0
1.0387	0.26	0.42	0
1.0574	0.27	0.42	0
1.076	0.28	0.42	0
1.0943	0.29	0.42	0
1.1124	0.3	0.42	0
1.1301	0.31	0.42	0
1.1473	0.32	0.42	0
1.1641	0.33	0.42	0
1.1803	0.34	0.42	0
1.1959	0.35	0.42	0
1.2108	0.36	0.42	0
1.2249	0.37	0.42	0
1.2382	0.38	0.42	0
1.2507	0.39	0.42	0
1.2622	0.4	0.42	0
1.2728	0.41	0.42	0
1.2824	0.42	0.42	0
1.291	0.43	0.42	0
1.2985	0.44	0.42	0
1.3049	0.45	0.42	0
1.3101	0.46	0.42	0
1.3142	0.47	0.42	0
1.3172	0.48	0.42	0
1.319	0.49	0.42	0
1.3196	0.5	0.42	0
0.70156	0	0.43	0
0.70218	0.01	0.43	0
0.70404	0.02	0.43	0
0.70714	0.03	0.43	0
0.71145	0.04	0.43	0
0.71697	0.05	0.43	0
0.72368	0.06	0.43	0
0.73154	0.07	0.43	0
0.74053	0.08	0.43	0
0.75062	0.09	0.43	0
0.76177	0.1	0.43	0
0.77393	0.11	0.43	0
0.78706	0.12	0.43	0
0.8011	0.13	0.43	0
0.81601	0.14	0.43	0
0.83173	0.15	0.43	0
0.84819	0.16	0.43	0
0.86533	0.17	0.43	0
0.88308	0.18	0.43	0
0.90137	0.19	0.43	0
0.92014	0.2	0.43	0
0.93931	0.21	0.43	0
0.95879	0.22	0.43	0
0.97852	0.23	0.43	0
0.99842	0.24	0.43	0
1.0184	0.25	0.43	0
1.0384	0.26	0.43	0
1.0583	0.27	0.43	0
1.0781	0.28	0.43	0
1.0976	0.29	0.43	0
1.1169	0.3	0.43	0
1.1357	0.31	0.43	0
1.1541	0.32	0.43	0
1.172	0.33	0.43	0
1.1893	0.34	0.43	0
1.2058	0.35	0.43	0
1.2217	0.36	0.43	0
1.2368	0.37	0.43	0
1.2509	0.38	0.43	0
1.2642	0.39	0.43	0
1.2765	0.4	0.43	0
1.2878	0.41	0.43	0
1.298	0.42	0.43	0
1.3072	0.43	0.43	0
1.3151	0.44	0.43	0
1.3219	0.45	0.43	0
1.3276	0.46	0.43	0
1.3319	0.47	0.43	0
1.3351	0.48	0.43	0
1.337	0.49	0.43	0
1.3376	0.5	0.43	0
0.67901	0	0.44	0
0.67968	0.01	0.44	0
0.68166	0.02	0.44	0
0.68496	0.03	0.44	0
0.68955	0.04	0.44	0
0.69543	0.05	0.44	0
0.70258	0.06	0.44	0
0.71096	0.07	0.44	0
0.72054	0.08	0.44	0
0.73129	0.09	0.44	0
0.74317	0.1	0.44	0
0.75613	0.11	0.44	0
0.77012	0.12	0.44	0
0.78508	0.13	0.44	0
0.80097	0.14	0.44	0
0.81772	0.15	0.44	0
0.83526	0.16	0.44	0
0.85352	0.17	0.44	0
0.87244	0.18	0.44	0
0.89194	0.19	0.44	0
0.91194	0.2	0.44	0
0.93236	0.21	0.44	0
0.95313	0.22	0.44	0
0.97416	0.23	0.44	0
0.99536	0.24	0.44	0
1.0167	0.25	0.44	0
1.038	0.26	0.44	0
1.0592	0.27	0.44	0
1.0803	0.28	0.44	0
1.1011	0.29	0.44	0
1.1216	0.3	0.44	0
1.1417	0.31	0.44	0
1.1613	0.32	0.44	0
1.1803	0.33	0.44	0
1.1987	0.34	0.44	0
1.2164	0.35	0.44	0
1.2333	0.36	0.44	0
1.2493	0.37	0.44	0
1.2645	0.38	0.44	0
1.2786	0.39	0.44	0
1.2917	0.4	0.44	0
1.3037	0.41	0.44	0
1.3146	0.42	0.44	0
1.3243	0.43	0.44	0
1.3328	0.44	0.44	0
1.3401	0.45	0.44	0
1.3461	0.46	0.44	0
1.3507	0.47	0.44	0
1.3541	0.48	0.44	0
1.3561	0.49	0.44	0
1.3568	0.5	0.44	0
0.65474	0	0.45	0
0.65544	0.01	0.45	0
0.65756	0.02	0.45	0
0.66107	0.03	0.45	0
0.66597	0.04	0.45	0
0.67224	0.05	0.45	0
0.67986	0.06	0.45	0
0.68879	0.07	0.45	0
0.69901	0.08	0.45	0
0.71047	0.09	0.45	0
0.72313	0.1	0.45	0
0.73694	0.11	0.45	0
0.75186	0.12	0.45	0
0.76781	0.13	0.45	0
0.78475	0.14	0.45	0
0.80261	0.15	0.45	0
0.82131	0.16	0.45	0
0.84078	0.17	0.45	0
0.86095	0.18	0.45	0
0.88173	0.19	0.45	0
0.90305	0.2	0.45	0
0.92482	0.21	0.45	0
0.94696	0.22	0.45	0
0.96938	0.23	0.45	0
0.99198	0.24	0.45	0
1.0147	0.25	0.45	0
1.0374	0.26	0.45	0
1.06	0.27	0.45	0
1.0825	0.28	0.45	0
1.1047	0.29	0.45	0
1.1265	0.3	0.45	0
1.1479	0.31	0.45	0
1.1688	0.32	0.45	0
1.1891	0.33	0.45	0
1.2087	0.34	0.45	0
1.2276	0.35	0.45	0
1.2456	0.36	0.45	0
1.2627	0.37	0.45	0
1.2788	0.38	0.45	0
1.2939	0.39	0.45	0
1.3078	0.4	0.45	0
1.3206	0.41	0.45	0
1.3323	0.42	0.45	0
1.3426	0.43	0.45	0
1.3517	0.44	0.45	0
1.3594	0.45	0.45	0
1.3658	0.46	0.45	0
1.3707	0.47	0.45	0
1.3743	0.48	0.45	0
1.3764	0.49	0.45	0
1.3772	0.5	0.45	0
0.62856	0	0.46	0
0.62932	0.01	0.46	0
0.63157	0.02	0.46	0
0.63532	0.03	0.46	0
0.64055	0.04	0.46	0
0.64723	0.05	0.46	0
0.65536	0.06	0.46	0
0.66488	0.07	0.46	0
0.67578	0.08	0.46	0
0.68801	0.09	0.46	0
0.70151	0.1	0.46	0
0.71625	0.11	0.46	0
0.73216	0.12	0.46	0
0.74918	0.13	0.46	0
0.76724	0.14	0.46	0
0.78629	0.15	0.46	0
0.80623	0.16	0.46	0
0.827	0.17	0.46	0
0.84851	0.18	0.46	0
0.87067	0.19	0.46	0
0.89341	0.2	0.46	0
0.91662	0.21	0.46	0
0.94023	0.22	0.46	0
0.96413	0.23	0.46	0
0.98823	0.24	0.46	0
1.0124	0.25	0.46	0
1.0366	0.26	0.46	0
1.0608	0.27	0.46	0
1.0847	0.28	0.46	0
1.1084	0.29	0.46	0
1.1317	0.3	0.46	0
1.1545	0.31	0.46	0
1.1768	0.32	0.46	0
1.1984	0.33	0.46	0
1.2193	0.34	0.46	0
1.2394	0.35	0.46	0
1.2586	0.36	0.46	0
1.2768	0.37	0.46	0
1.294	0.38	0.46	0
1.31	0.39	0.46	0
1.3249	0.4	0.46	0
1.3386	0.41	0.46	0
1.351	0.42	0.46	0
1.362	0.43	0.46	0
1.3716	0.44	0.46	0
1.3799	0.45	0.46	0
1.3867	0.46	0.46	0
1.392	0.47	0.46	0
1.3958	0.48	0.46	0
1.3981	0.49	0.46	0
1.3988	0.5	0.46	0
0.60029	0	0.47	0
0.60109	0.01	0.47	0
0.6035	0.02	0.47	0
0.6075	0.03	0.47	0
0.61308	0.04	0.47	0
0.62022	0.05	0.47	0
0.62889	0.06	0.47	0
0.63906	0.07	0.47	0
0.6507	0.08	0.47	0
0.66374	0.09	0.47	0
0.67816	0.1	0.47	0
0.69389	0.11	0.47	0
0.71087	0.12	0.47	0
0.72903	0.13	0.47	0
0.74831	0.14	0.47	0
0.76864	0.15	0.47	0
0.78992	0.16	0.47	0
0.81208	0.17	0.47	0
0.83503	0.18	0.47	0
0.85867	0.19	0.47	0
0.88293	0.2	0.47	0
0.9077	0.21	0.47	0
0.93288	0.22	0.47	0
0.95837	0.23	0.47	0
0.98407	0.24	0.47	0
1.0099	0.25	0.47	0
1.0357	0.26	0.47	0
1.0614	0.27	0.47	0
1.087	0.28	0.47	0
1.1122	0.29	0.47	0
1.137	0.3	0.47	0
1.1614	0.31	0.47	0
1.1851	0.32	0.47	0
1.2082	0.33	0.47	0
1.2305	0.34	0.47	0
1.2519	0.35	0.47	0
1.2723	0.36	0.47	0
1.2917	0.37	0.47	0
1.3101	0.38	0.47	0
1.3272	0.39	0.47	0
1.3431	0.4	0.47	0
1.3576	0.41	0.47	0
1.3708	0.42	0.47	0
1.3826	0.43	0.47	0
1.3929	0.44	0.47	0
1.4016	0.45	0.47	0
1.4089	0.46	0.47	0
1.4145	0.47	0.47	0
1.4186	0.48	0.47	0
1.421	0.49	0.47	0
1.4218	0.5	0.47	0
0.56968	0	0.48	0
0.57054	0.01	0.48	0
0.57311	0.02	0.48	0
0.57739	0.03	0.48	0
0.58335	0.04	0.48	0
0.59098	0.05	0.48	0
0.60025	0.06	0.48	0
0.61112	0.07	0.48	0
0.62355	0.08	0.48	0
0.63749	0.09	0.48	0
0.65289	0.1	0.48	0
0.66969	0.11	0.48	0
0.68783	0.12	0.48	0
0.70723	0.13	0.48	0
0.72782	0.14	0.48	0
0.74952	0.15	0.48	0
0.77224	0.16	0.48	0
0.7959	0.17	0.48	0
0.8204	0.18	0.48	0
0.84564	0.19	0.48	0
0.87153	0.2	0.48	0
0.89796	0.21	0.48	0
0.92483	0.22	0.48	0
0.95203	0.23	0.48	0
0.97946	0.24	0.48	0
1.007	0.25	0.48	0
1.0345	0.26	0.48	0
1.062	0.27	0.48	0
1.0892	0.28	0.48	0
1.1161	0.29	0.48	0
1.1426	0.3	0.48	0
1.1686	0.31	0.48	0
1.1939	0.32	0.48	0
1.2185	0.33	0.48	0
1.2422	0.34	0.48	0
1.2651	0.35	0.48	0
1.2869	0.36	0.48	0
1.3076	0.37	0.48	0
1.3271	0.38	0.48	0
1.3454	0.39	0.48	0
1.3623	0.4	0.48	0
1.3778	0.41	0.48	0
1.3919	0.42	0.48	0
1.4044	0.43	0.48	0
1.4154	0.44	0.48	0
1.4247	0.45	0.48	0
1.4324	0.46	0.48	0
1.4385	0.47	0.48	0
1.4428	0.48	0.48	0
1.4454	0.49	0.48	0
1.4462	0.5	0.48	0
0.53645	0	0.49	0
0.53737	0.01	0.49	0
0.54012	0.02	0.49	0
0.5447	0.03	0.49	0
0.55108	0.04	0.49	0
0.55925	0.05	0.49	0
0.56917	0.06	0.49	0
0.5808	0.07	0.49	0
0.5941	0.08	0.49	0
0.60901	0.09	0.49	0
0.62549	0.1	0.49	0
0.64346	0.11	0.49	0
0.66285	0.12	0.49	0
0.68359	0.13	0.49	0
0.7056	0.14	0.49	0
0.72879	0.15	0.49	0
0.75307	0.16	0.49	0
0.77834	0.17	0.49	0
0.80451	0.18	0.49	0
0.83147	0.19	0.49	0
0.85911	0.2	0.49	0
0.88734	0.21	0.49	0
0.91602	0.22	0.49	0
0.94506	0.23	0.49	0
0.97433	0.24	0.49	0
1.0037	0.25	0.49	0
1.0331	0.26	0.49	0
1.0624	0.27	0.49	0
1.0915	0.28	0.49	0
1.1202	0.29	0.49	0
1.1484	0.3	0.49	0
1.1761	0.31	0.49	0
1.2031	0.32	0.49	0
1.2293	0.33	0.49	0
1.2547	0.34	0.49	0
1.279	0.35	0.49	0
1.3023	0.36	0.49	0
1.3244	0.37	0.49	0
1.3452	0.38	0.49	0
1.3646	0.39	0.49	0
1.3827	0.4	0.49	0
1.3992	0.41	0.49	0
1.4142	0.42	0.49	0
1.4276	0.43	0.49	0
1.4393	0.44	0.49	0
1.4493	0.45	0.49	0
1.4575	0.46	0.49	0
1.4639	0.47	0.49	0
1.4685	0.48	0.49	0
1.4713	0.49	0.49	0
1.4722	0.5	0.49	0
0.50025	0	0.5	0
0.50123	0.01	0.5	0
0.50419	0.02	0.5	0
0.5091	0.03	0.5	0
0.51595	0.04	0.5	0
0.52471	0.05	0.5	0
0.53534	0.06	0.5	0
0.54781	0.07	0.5	0
0.56206	0.08	0.5	0
0.57804	0.09	0.5	0
0.59569	0.1	0.5	0
0.61493	0.11	0.5	0
0.6357	0.12	0.5	0
0.6579	0.13	0.5	0
0.68145	0.14	0.5	0
0.70625	0.15	0.5	0
0.73222	0.16	0.5	0
0.75924	0.17	0.5	0
0.78722	0.18	0.5	0
0.81603	0.19	0.5	0
0.84557	0.2	0.5	0
0.87572	0.21	0.5	0
0.90636	0.22	0.5	0
0.93736	0.23	0.5	0
0.96862	0.24	0.5	0
1	0.25	0.5	0
1.0314	0.26	0.5	0
1.0626	0.27	0.5	0
1.0936	0.28	0.5	0
1.1243	0.29	0.5	0
1.1544	0.3	0.5	0
1.184	0.31	0.5	0
1.2128	0.32	0.5	0
1.2408	0.33	0.5	0
1.2678	0.34	0.5	0
1.2937	0.35	0.5	0
1.3186	0.36	0.5	0
1.3421	0.37	0.5	0
1.3643	0.38	0.5	0
1.3851	0.39	0.5	0
1.4043	0.4	0.5	0
1.422	0.41	0.5	0
1.4379	0.42	0.5	0
1.4522	0.43	0.5	0
1.4647	0.44	0.5	0
1.4753	0.45	0.5	0
1.4841	0.46	0.5	0
1.4909	0.47	0.5	0
1.4958	0.48	0.5	0
1.4988	0.49	0.5	0
1.4998	0.5	0.5	0
