1.00803
1.0082
1.00853
1.00903
1.00969
1.01051
1.01149
1.01262
1.0139
1.01532
1.01687
1.01856
1.02037
1.02229
1.02432
1.02645
1.02867
1.03098
1.03335
1.03578
1.03827
1.0408
1.04336
1.04595
1.04854
1.05114
1.05373
1.0563
1.05884
1.06134
1.06379
1.06619
1.06852
1.07077
1.07294
1.07501
1.07699
1.07885
1.0806
1.08223
1.08373
1.0851
1.08632
1.08741
1.08834
1.08913
1.08976
1.09024
1.09056
1.09072
1.00787
1.00803
1.00837
1.00887
1.00953
1.01035
1.01134
1.01247
1.01375
1.01518
1.01674
1.01843
1.02025
1.02218
1.02422
1.02635
1.02858
1.03089
1.03328
1.03572
1.03822
1.04076
1.04333
1.04592
1.04853
1.05114
1.05374
1.05632
1.05887
1.06138
1.06384
1.06625
1.06858
1.07085
1.07302
1.0751
1.07709
1.07896
1.08072
1.08235
1.08386
1.08523
1.08646
1.08755
1.08849
1.08928
1.08992
1.0904
1.09072
1.09088
1.00753
1.0077
1.00804
1.00854
1.00921
1.01004
1.01103
1.01217
1.01346
1.01489
1.01647
1.01817
1.02
1.02195
1.024
1.02615
1.0284
1.03073
1.03313
1.03559
1.03811
1.04067
1.04326
1.04587
1.0485
1.05113
1.05375
1.05635
1.05892
1.06145
1.06394
1.06636
1.06872
1.071
1.07319
1.07529
1.07729
1.07918
1.08095
1.0826
1.08412
1.0855
1.08675
1.08784
1.08879
1.08959
1.09023
1.09071
1.09104
1.0912
1.00703
1.0072
1.00754
1.00805
1.00872
1.00956
1.01056
1.01171
1.01302
1.01447
1.01606
1.01778
1.01963
1.0216
1.02368
1.02585
1.02813
1.03048
1.03291
1.0354
1.03794
1.04053
1.04315
1.0458
1.04846
1.05112
1.05377
1.0564
1.059
1.06156
1.06408
1.06653
1.06892
1.07122
1.07344
1.07557
1.07759
1.07951
1.0813
1.08297
1.08451
1.08591
1.08717
1.08828
1.08924
1.09005
1.0907
1.09119
1.09152
1.09168
1.00635
1.00652
1.00687
1.00739
1.00807
1.00892
1.00993
1.01111
1.01243
1.0139
1.01551
1.01726
1.01914
1.02113
1.02324
1.02545
1.02776
1.03015
1.03261
1.03514
1.03772
1.04035
1.04301
1.0457
1.0484
1.0511
1.05379
1.05646
1.05911
1.06171
1.06426
1.06676
1.06918
1.07153
1.07378
1.07595
1.078
1.07995
1.08177
1.08347
1.08503
1.08646
1.08774
1.08887
1.08985
1.09067
1.09133
1.09182
1.09216
1.09232
1.0055
1.00568
1.00603
1.00655
1.00725
1.00812
1.00915
1.01034
1.01169
1.01319
1.01483
1.01661
1.01852
1.02055
1.0227
1.02495
1.02729
1.02973
1.03224
1.03481
1.03744
1.04012
1.04284
1.04557
1.04832
1.05108
1.05382
1.05655
1.05924
1.0619
1.0645
1.06704
1.06952
1.07191
1.07421
1.07642
1.07852
1.0805
1.08236
1.08409
1.08569
1.08714
1.08845
1.08961
1.0906
1.09144
1.09212
1.09262
1.09296
1.09313
1.00447
1.00465
1.00501
1.00555
1.00626
1.00714
1.0082
1.00941
1.01079
1.01232
1.014
1.01581
1.01777
1.01984
1.02203
1.02433
1.02673
1.02922
1.03178
1.03442
1.03711
1.03985
1.04262
1.04542
1.04823
1.05105
1.05386
1.05664
1.0594
1.06212
1.06478
1.06739
1.06992
1.07237
1.07473
1.07699
1.07914
1.08117
1.08307
1.08485
1.08648
1.08797
1.08931
1.0905
1.09152
1.09238
1.09307
1.09359
1.09394
1.09411
1.00326
1.00345
1.00381
1.00436
1.00509
1.006
1.00708
1.00832
1.00973
1.0113
1.01302
1.01488
1.01688
1.01901
1.02125
1.02361
1.02607
1.02862
1.03125
1.03395
1.03671
1.03952
1.04237
1.04524
1.04812
1.05101
1.0539
1.05676
1.05959
1.06238
1.06512
1.06779
1.07039
1.07291
1.07533
1.07765
1.07986
1.08195
1.08391
1.08574
1.08742
1.08895
1.09033
1.09154
1.0926
1.09348
1.09419
1.09472
1.09508
1.09526
1.00187
1.00206
1.00243
1.003
1.00375
1.00468
1.00578
1.00706
1.00851
1.01012
1.01189
1.0138
1.01586
1.01804
1.02035
1.02278
1.0253
1.02793
1.03063
1.03341
1.03625
1.03914
1.04207
1.04503
1.048
1.05097
1.05394
1.05689
1.05981
1.06268
1.0655
1.06826
1.07094
1.07353
1.07603
1.07842
1.0807
1.08286
1.08488
1.08676
1.08849
1.09008
1.0915
1.09275
1.09384
1.09475
1.09548
1.09603
1.0964
1.09659
1.00028
1.00047
1.00086
1.00144
1.00221
1.00317
1.00431
1.00563
1.00712
1.00878
1.0106
1.01257
1.01469
1.01694
1.01933
1.02183
1.02443
1.02714
1.02993
1.03279
1.03572
1.03871
1.04173
1.04478
1.04785
1.05092
1.05399
1.05704
1.06005
1.06302
1.06594
1.06879
1.07156
1.07424
1.07682
1.0793
1.08165
1.08388
1.08598
1.08792
1.08972
1.09135
1.09283
1.09412
1.09525
1.09619
1.09695
1.09752
1.0979
1.0981
0.998485
0.998686
0.999087
0.999687
1.00048
1.00147
1.00265
1.00401
1.00556
1.00727
1.00915
1.01119
1.01338
1.01571
1.01817
1.02075
1.02345
1.02625
1.02913
1.0321
1.03513
1.03822
1.04135
1.04451
1.04768
1.05087
1.05404
1.0572
1.06032
1.0634
1.06642
1.06938
1.07225
1.07503
1.07771
1.08028
1.08272
1.08504
1.08721
1.08923
1.09109
1.09279
1.09432
1.09567
1.09683
1.09781
1.0986
1.09919
1.09959
1.09979
0.996486
0.996694
0.99711
0.997731
0.998555
0.99958
1.0008
1.00221
1.00381
1.00558
1.00753
1.00964
1.01191
1.01432
1.01688
1.01955
1.02235
1.02525
1.02824
1.03132
1.03447
1.03767
1.04092
1.0442
1.0475
1.0508
1.0541
1.05738
1.06062
1.06382
1.06696
1.07003
1.07302
1.07591
1.0787
1.08137
1.08391
1.08632
1.08858
1.09068
1.09262
1.09439
1.09598
1.09738
1.0986
1.09962
1.10044
1.10106
1.10147
1.10168
0.994271
0.994487
0.994918
0.995562
0.996418
0.997481
0.998748
1.00021
1.00187
1.00371
1.00574
1.00793
1.01028
1.01279
1.01544
1.01822
1.02113
1.02414
1.02726
1.03045
1.03373
1.03706
1.04044
1.04385
1.04728
1.05072
1.05416
1.05757
1.06095
1.06428
1.06756
1.07076
1.07387
1.07689
1.07979
1.08258
1.08523
1.08774
1.0901
1.09229
1.09431
1.09616
1.09782
1.09928
1.10055
1.10162
1.10247
1.10312
1.10355
1.10377
0.991829
0.992054
0.992502
0.993173
0.994063
0.995168
0.996486
0.998009
0.999733
1.00165
1.00376
1.00604
1.00849
1.0111
1.01386
1.01676
1.01978
1.02292
1.02616
1.0295
1.03291
1.03638
1.0399
1.04346
1.04705
1.05064
1.05422
1.05778
1.06131
1.06479
1.06821
1.07155
1.0748
1.07795
1.08099
1.0839
1.08667
1.0893
1.09176
1.09406
1.09617
1.0981
1.09984
1.10137
1.1027
1.10381
1.10471
1.10538
1.10583
1.10606
0.989151
0.989385
0.989852
0.990551
0.991478
0.99263
0.994003
0.995591
0.997388
0.999388
1.00158
1.00396
1.00652
1.00924
1.01212
1.01514
1.0183
1.02158
1.02496
1.02844
1.03201
1.03563
1.03932
1.04304
1.04678
1.05053
1.05428
1.05801
1.0617
1.06534
1.06892
1.07241
1.07582
1.07912
1.0823
1.08535
1.08825
1.091
1.09358
1.09599
1.09821
1.10023
1.10205
1.10366
1.10505
1.10621
1.10715
1.10786
1.10834
1.10857
0.986225
0.986469
0.986957
0.987686
0.988654
0.989857
0.99129
0.992949
0.994825
0.996914
0.999205
1.00169
1.00436
1.00721
1.01022
1.01338
1.01668
1.02011
1.02365
1.02729
1.03102
1.03481
1.03867
1.04256
1.04648
1.05041
1.05434
1.05825
1.06211
1.06593
1.06968
1.07335
1.07692
1.08038
1.08372
1.08692
1.08997
1.09286
1.09557
1.09809
1.10042
1.10255
1.10446
1.10615
1.10761
1.10883
1.10982
1.11056
1.11106
1.11131
0.983038
0.983293
0.983803
0.984566
0.985578
0.986836
0.988335
0.990069
0.992032
0.994217
0.996615
0.999216
1.00201
1.00499
1.00814
1.01145
1.01491
1.0185
1.02221
1.02603
1.02993
1.03391
1.03796
1.04204
1.04616
1.05028
1.0544
1.0585
1.06256
1.06657
1.07051
1.07436
1.07812
1.08176
1.08526
1.08863
1.09183
1.09487
1.09772
1.10037
1.10282
1.10506
1.10707
1.10885
1.11038
1.11167
1.11271
1.1135
1.11402
1.11428
0.979576
0.979843
0.980377
0.981176
0.982236
0.983553
0.985123
0.98694
0.988997
0.991286
0.993799
0.996525
0.999456
1.00258
1.00588
1.00935
1.01298
1.01675
1.02064
1.02465
1.02875
1.03293
1.03718
1.04147
1.04579
1.05013
1.05446
1.05877
1.06304
1.06726
1.0714
1.07546
1.07941
1.08324
1.08693
1.09047
1.09385
1.09704
1.10005
1.10284
1.10543
1.10778
1.1099
1.11177
1.11339
1.11475
1.11585
1.11667
1.11723
1.1175
0.975823
0.976104
0.976664
0.977501
0.978613
0.979995
0.981642
0.983548
0.985706
0.988108
0.990744
0.993606
0.996683
0.999962
1.00343
1.00708
1.01089
1.01485
1.01894
1.02315
1.02746
1.03186
1.03633
1.04084
1.04539
1.04995
1.05451
1.05905
1.06355
1.06799
1.07236
1.07663
1.08079
1.08483
1.08872
1.09246
1.09602
1.09939
1.10256
1.10551
1.10823
1.11072
1.11295
1.11493
1.11664
1.11808
1.11923
1.1201
1.12069
1.12098
0.971765
0.972059
0.972647
0.973526
0.974694
0.976145
0.977875
0.979877
0.982144
0.984667
0.987438
0.990446
0.993679
0.997127
1.00078
1.00461
1.00862
1.01278
1.01709
1.02152
1.02606
1.03069
1.0354
1.04015
1.04495
1.04975
1.05456
1.05935
1.06409
1.06878
1.07338
1.07789
1.08228
1.08655
1.09066
1.0946
1.09836
1.10192
1.10526
1.10838
1.11126
1.11389
1.11625
1.11834
1.12014
1.12166
1.12288
1.1238
1.12442
1.12473
0.967381
0.96769
0.968309
0.969233
0.97046
0.971986
0.973805
0.975911
0.978295
0.980949
0.983864
0.987029
0.990432
0.994061
0.997901
1.00194
1.00616
1.01055
1.01509
1.01976
1.02454
1.02942
1.03438
1.0394
1.04446
1.04953
1.0546
1.05965
1.06466
1.06961
1.07448
1.07924
1.08388
1.08838
1.09273
1.09689
1.10087
1.10463
1.10817
1.11147
1.11451
1.11729
1.11979
1.122
1.12391
1.12552
1.12681
1.12778
1.12843
1.12876
0.962653
0.962979
0.96363
0.964602
0.965894
0.9675
0.969415
0.971631
0.974142
0.976937
0.980007
0.98334
0.986925
0.990749
0.994797
0.999054
1.0035
1.00813
1.01292
1.01784
1.02289
1.02805
1.03328
1.03858
1.04392
1.04928
1.05464
1.05997
1.06527
1.0705
1.07564
1.08068
1.08559
1.09035
1.09495
1.09936
1.10356
1.10755
1.11129
1.11478
1.11801
1.12095
1.12359
1.12593
1.12796
1.12966
1.13103
1.13206
1.13275
1.13309
0.95756
0.957903
0.958589
0.959613
0.960974
0.962666
0.964684
0.967019
0.969665
0.972611
0.975848
0.979362
0.983143
0.987176
0.991446
0.995937
1.00063
1.00552
1.01057
1.01577
1.02111
1.02655
1.03208
1.03768
1.04333
1.04899
1.05466
1.06031
1.06591
1.07144
1.07688
1.08222
1.08741
1.09246
1.09732
1.10199
1.10645
1.11067
1.11463
1.11833
1.12175
1.12487
1.12767
1.13015
1.1323
1.1341
1.13555
1.13664
1.13738
1.13774
0.952079
0.952441
0.953163
0.954244
0.955679
0.957463
0.959591
0.962054
0.964845
0.967953
0.971368
0.975077
0.979068
0.983325
0.987833
0.992577
0.997538
1.0027
1.00804
1.01354
1.01918
1.02493
1.03078
1.0367
1.04268
1.04867
1.05467
1.06065
1.06658
1.07244
1.0782
1.08385
1.08936
1.0947
1.09986
1.10481
1.10953
1.11401
1.11821
1.12214
1.12576
1.12906
1.13204
1.13467
1.13695
1.13886
1.1404
1.14156
1.14234
1.14272
0.946185
0.946567
0.947329
0.948469
0.949983
0.951866
0.954112
0.956712
0.959658
0.96294
0.966546
0.970464
0.974679
0.979177
0.983941
0.988955
0.9942
0.999656
1.0053
1.01112
1.01709
1.02318
1.02937
1.03564
1.04196
1.04831
1.05467
1.061
1.06728
1.07349
1.07961
1.08559
1.09143
1.0971
1.10257
1.10782
1.11283
1.11758
1.12204
1.1262
1.13005
1.13356
1.13671
1.13951
1.14192
1.14395
1.14559
1.14682
1.14764
1.14806
0.939851
0.940254
0.941059
0.942263
0.943862
0.945851
0.948223
0.950969
0.954082
0.95755
0.96136
0.965501
0.969957
0.974713
0.979752
0.985055
0.990604
0.996377
1.00235
1.00851
1.01483
1.02128
1.02784
1.03448
1.04118
1.04791
1.05465
1.06136
1.06802
1.07461
1.08109
1.08745
1.09364
1.09966
1.10546
1.11103
1.11635
1.12139
1.12613
1.13055
1.13463
1.13836
1.14171
1.14468
1.14724
1.1494
1.15114
1.15245
1.15332
1.15376
0.933048
0.933474
0.934324
0.935597
0.937286
0.939388
0.941895
0.944799
0.948089
0.951756
0.955786
0.960165
0.96488
0.969912
0.975244
0.980857
0.986731
0.992845
0.999175
1.0057
1.01239
1.01923
1.02618
1.03322
1.04032
1.04746
1.05461
1.06173
1.0688
1.07579
1.08267
1.08941
1.09599
1.10238
1.10854
1.11446
1.12011
1.12546
1.1305
1.13519
1.13953
1.14349
1.14705
1.1502
1.15293
1.15522
1.15707
1.15846
1.15939
1.15985
0.925745
0.926195
0.927094
0.928439
0.930226
0.932449
0.9351
0.938172
0.941653
0.945532
0.949797
0.954432
0.959422
0.96475
0.970396
0.976341
0.982564
0.989042
0.99575
1.00267
1.00976
1.01701
1.02438
1.03185
1.03939
1.04696
1.05455
1.06211
1.06961
1.07703
1.08434
1.0915
1.09849
1.10527
1.11182
1.11811
1.12411
1.1298
1.13515
1.14014
1.14475
1.14896
1.15275
1.1561
1.159
1.16144
1.1634
1.16488
1.16587
1.16636
0.917907
0.918383
0.919334
0.920757
0.922648
0.925
0.927806
0.931056
0.934741
0.938848
0.943363
0.948272
0.953558
0.959202
0.965184
0.971485
0.978081
0.984948
0.992062
0.999396
1.00692
1.01461
1.02244
1.03036
1.03837
1.04641
1.05446
1.06249
1.07046
1.07835
1.08611
1.09372
1.10114
1.10835
1.11531
1.122
1.12838
1.13443
1.14012
1.14543
1.15033
1.1548
1.15883
1.16239
1.16548
1.16807
1.17016
1.17173
1.17278
1.17331
0.909498
0.910002
0.911009
0.912515
0.914517
0.917007
0.919978
0.92342
0.927322
0.931673
0.936456
0.941658
0.947259
0.953242
0.959584
0.966265
0.973261
0.980545
0.988093
0.995875
1.00386
1.01203
1.02033
1.02875
1.03725
1.04579
1.05435
1.06288
1.07135
1.07973
1.08798
1.09607
1.10397
1.11163
1.11903
1.12614
1.13293
1.13936
1.14541
1.15106
1.15627
1.16103
1.16532
1.16911
1.17239
1.17515
1.17737
1.17904
1.18016
1.18072
0.900476
0.90101
0.902077
0.903672
0.905792
0.90843
0.911577
0.915225
0.91936
0.923971
0.929041
0.934556
0.940495
0.94684
0.953568
0.960656
0.968078
0.97581
0.983821
0.992084
1.00057
1.00924
1.01806
1.027
1.03603
1.04511
1.0542
1.06327
1.07228
1.08119
1.08996
1.09857
1.10696
1.11511
1.12299
1.13055
1.13777
1.14461
1.15105
1.15706
1.1626
1.16767
1.17223
1.17626
1.17975
1.18269
1.18505
1.18683
1.18802
1.18862
0.890801
0.891367
0.892497
0.894188
0.896434
0.89923
0.902566
0.906432
0.910817
0.915706
0.921083
0.926932
0.933234
0.939966
0.947106
0.954629
0.96251
0.970719
0.979228
0.988004
0.997015
1.00623
1.0156
1.02511
1.03471
1.04436
1.05403
1.06367
1.07325
1.08273
1.09206
1.10121
1.11014
1.11881
1.12719
1.13524
1.14292
1.1502
1.15705
1.16345
1.16935
1.17474
1.17959
1.18389
1.1876
1.19073
1.19324
1.19514
1.19641
1.19704
0.880423
0.881023
0.882221
0.884013
0.886395
0.88936
0.892898
0.896999
0.90165
0.906836
0.912543
0.91875
0.925438
0.932585
0.940166
0.948156
0.956527
0.965248
0.974288
0.983614
0.993191
1.00298
1.01295
1.02306
1.03327
1.04353
1.05382
1.06407
1.07426
1.08435
1.09428
1.10401
1.11352
1.12275
1.13166
1.14023
1.1484
1.15615
1.16345
1.17025
1.17654
1.18227
1.18744
1.19201
1.19597
1.19929
1.20197
1.20399
1.20534
1.20601
0.869292
0.869928
0.871199
0.873101
0.875628
0.878773
0.882527
0.886879
0.891815
0.89732
0.903378
0.909969
0.917072
0.924663
0.932717
0.941206
0.950101
0.95937
0.968979
0.978894
0.989078
0.999491
1.01009
1.02085
1.03171
1.04263
1.05357
1.06448
1.07533
1.08606
1.09662
1.10699
1.1171
1.12693
1.13642
1.14554
1.15424
1.16249
1.17026
1.1775
1.18419
1.1903
1.1958
1.20066
1.20488
1.20841
1.21126
1.21341
1.21485
1.21557
0.857352
0.858027
0.859376
0.861394
0.864076
0.867415
0.8714
0.87602
0.881262
0.887109
0.893543
0.900545
0.908092
0.916159
0.924718
0.933742
0.943199
0.953055
0.963275
0.97382
0.984653
0.995732
1.00701
1.01845
1.03001
1.04163
1.05328
1.06489
1.07644
1.08786
1.09911
1.11014
1.12091
1.13137
1.14148
1.15118
1.16045
1.16923
1.1775
1.18521
1.19234
1.19884
1.2047
1.20988
1.21436
1.21813
1.22116
1.22345
1.22498
1.22575
0.844542
0.845259
0.846692
0.848835
0.851683
0.855229
0.859462
0.864371
0.86994
0.876153
0.882991
0.890433
0.898456
0.907032
0.916135
0.925732
0.93579
0.946275
0.957148
0.96837
0.979897
0.991688
1.0037
1.01587
1.02818
1.04055
1.05295
1.06531
1.07761
1.08977
1.10175
1.11349
1.12496
1.1361
1.14686
1.15719
1.16706
1.17641
1.18521
1.19343
1.20101
1.20793
1.21417
1.21968
1.22446
1.22847
1.2317
1.23414
1.23577
1.23658
0.830796
0.831558
0.83308
0.835357
0.838384
0.842152
0.846652
0.851869
0.857789
0.864395
0.871666
0.879581
0.888114
0.897237
0.906921
0.917133
0.927838
0.938997
0.95057
0.962515
0.974788
0.987341
1.00013
1.01309
1.02619
1.03937
1.05257
1.06574
1.07883
1.09178
1.10454
1.11705
1.12926
1.14112
1.15258
1.16359
1.17409
1.18405
1.19342
1.20217
1.21024
1.21762
1.22425
1.23013
1.23521
1.23948
1.24292
1.24551
1.24725
1.24811
0.816043
0.816853
0.818471
0.820892
0.824111
0.828118
0.832903
0.838452
0.844749
0.851776
0.859513
0.867935
0.877016
0.886727
0.897036
0.907908
0.919305
0.931187
0.943511
0.956233
0.969303
0.982674
0.996292
1.0101
1.02406
1.03809
1.05215
1.06618
1.08013
1.09392
1.10751
1.12083
1.13384
1.14647
1.15867
1.17039
1.18158
1.19219
1.20216
1.21147
1.22007
1.22792
1.23499
1.24124
1.24665
1.2512
1.25486
1.25762
1.25946
1.26039
0.8002
0.801062
0.802783
0.80536
0.808785
0.813049
0.818141
0.824047
0.83075
0.838231
0.846468
0.855436
0.865106
0.875448
0.886428
0.898009
0.91015
0.922808
0.935939
0.949493
0.963419
0.977665
0.992175
1.00689
1.02176
1.03671
1.05169
1.06664
1.0815
1.09619
1.11066
1.12486
1.13871
1.15216
1.16516
1.17764
1.18955
1.20084
1.21147
1.22138
1.23053
1.23889
1.24641
1.25307
1.25883
1.26367
1.26756
1.2705
1.27247
1.27345
0.783184
0.784101
0.785934
0.788678
0.792325
0.796866
0.802289
0.80858
0.81572
0.82369
0.832466
0.842021
0.852326
0.863348
0.87505
0.887392
0.900333
0.913826
0.927822
0.942269
0.957114
0.972298
0.987764
1.00345
1.01929
1.03523
1.0512
1.06713
1.08295
1.09861
1.11403
1.12915
1.1439
1.15823
1.17207
1.18536
1.19804
1.21007
1.22138
1.23193
1.24167
1.25057
1.25857
1.26566
1.27179
1.27694
1.28108
1.28421
1.2863
1.28735
0.764894
0.765872
0.767825
0.770749
0.774637
0.779477
0.785258
0.791964
0.799577
0.808075
0.817432
0.827621
0.83861
0.850364
0.862844
0.876007
0.889808
0.904198
0.919124
0.934531
0.950361
0.966553
0.983043
0.999767
1.01666
1.03365
1.05066
1.06764
1.0845
1.10118
1.11761
1.13372
1.14944
1.1647
1.17943
1.19358
1.20709
1.21989
1.23193
1.24316
1.25353
1.263
1.27152
1.27906
1.28558
1.29106
1.29547
1.2988
1.30102
1.30214
0.745228
0.746271
0.748355
0.751475
0.755622
0.760787
0.766955
0.774112
0.782235
0.791304
0.80129
0.812164
0.823892
0.836436
0.849755
0.863803
0.878531
0.893887
0.909814
0.926253
0.943141
0.960413
0.978002
0.995838
1.01385
1.03196
1.0501
1.0682
1.08617
1.10394
1.12145
1.13861
1.15535
1.1716
1.18729
1.20236
1.21673
1.23036
1.24318
1.25513
1.26616
1.27624
1.2853
1.29332
1.30026
1.30609
1.31078
1.31432
1.31669
1.31787
0.724063
0.725177
0.727403
0.730735
0.735166
0.740683
0.747273
0.754917
0.763596
0.773283
0.783951
0.795568
0.808096
0.821495
0.835721
0.850725
0.866453
0.882849
0.899854
0.917402
0.935428
0.95386
0.972628
0.991655
1.01087
1.03018
1.04952
1.06881
1.08797
1.10691
1.12556
1.14383
1.16166
1.17897
1.19568
1.21172
1.22702
1.24152
1.25516
1.26788
1.27962
1.29033
1.29997
1.3085
1.31588
1.32208
1.32708
1.33084
1.33335
1.33462
0.70127
0.702462
0.704843
0.708408
0.713147
0.719048
0.726097
0.734274
0.743557
0.753918
0.765328
0.77775
0.791147
0.805473
0.820681
0.836718
0.853527
0.871047
0.889213
0.907956
0.927204
0.946883
0.966914
0.987219
1.00771
1.02832
1.04894
1.0695
1.08992
1.11011
1.12997
1.14944
1.16843
1.18685
1.20464
1.22171
1.238
1.25343
1.26794
1.28146
1.29395
1.30535
1.3156
1.32467
1.33252
1.33911
1.34441
1.34841
1.35109
1.35243
0.676696
0.677973
0.680524
0.684344
0.689422
0.695745
0.703297
0.712056
0.721999
0.733097
0.745315
0.758617
0.772958
0.788292
0.804566
0.821723
0.839701
0.858435
0.877854
0.897885
0.918449
0.939467
0.960856
0.982528
1.0044
1.02638
1.04837
1.0703
1.09206
1.11356
1.13473
1.15546
1.17568
1.1953
1.21423
1.23239
1.24972
1.26613
1.28156
1.29595
1.30922
1.32134
1.33224
1.34188
1.35022
1.35722
1.36286
1.36711
1.36995
1.37138
0.650175
0.651547
0.654287
0.658387
0.663839
0.670626
0.678732
0.688132
0.698801
0.710706
0.72381
0.738073
0.753446
0.769877
0.787311
0.805684
0.824931
0.844978
0.865751
0.88717
0.909152
0.93161
0.954454
0.977594
1.00094
1.02438
1.04784
1.07122
1.09441
1.11733
1.13987
1.16195
1.18347
1.20435
1.22449
1.24382
1.26224
1.2797
1.2961
1.3114
1.32551
1.33838
1.34996
1.36021
1.36906
1.3765
1.38249
1.38701
1.39003
1.39154
0.621511
0.622987
0.625936
0.630349
0.636216
0.643519
0.652238
0.662347
0.673818
0.686613
0.700692
0.716009
0.732513
0.750145
0.768844
0.788541
0.809165
0.830636
0.852874
0.875792
0.8993
0.923306
0.947714
0.972426
0.997343
1.02236
1.04738
1.0723
1.09702
1.12144
1.14545
1.16895
1.19186
1.21407
1.2355
1.25605
1.27564
1.29419
1.31163
1.32788
1.34287
1.35655
1.36885
1.37972
1.38913
1.39703
1.40339
1.40818
1.41139
1.413
0.590482
0.592076
0.59526
0.600024
0.606355
0.614235
0.623639
0.634539
0.6469
0.660682
0.675839
0.69232
0.710067
0.729017
0.7491
0.770242
0.792365
0.815382
0.839206
0.863743
0.888897
0.914568
0.940654
0.967051
0.993652
1.02035
1.04704
1.0736
1.09994
1.12595
1.15151
1.17653
1.2009
1.22453
1.24731
1.26916
1.28998
1.30969
1.32822
1.34547
1.36139
1.37591
1.38897
1.40052
1.4105
1.41889
1.42564
1.43072
1.43412
1.43583
0.556823
0.55855
0.562
0.567162
0.574019
0.58255
0.592726
0.604513
0.617872
0.632756
0.649114
0.666885
0.686007
0.706407
0.72801
0.750734
0.77449
0.799188
0.824731
0.851019
0.877947
0.90541
0.933297
0.961498
0.9899
1.01839
1.04685
1.07516
1.10323
1.13092
1.15813
1.18475
1.21067
1.23579
1.26001
1.28322
1.30534
1.32628
1.34595
1.36426
1.38116
1.39657
1.41043
1.42268
1.43327
1.44216
1.44932
1.45471
1.45832
1.46013
0.520223
0.522105
0.525862
0.531481
0.538941
0.548216
0.55927
0.572065
0.586552
0.602677
0.620379
0.639591
0.66024
0.682245
0.705522
0.729979
0.755522
0.78205
0.809459
0.837639
0.866481
0.89587
0.92569
0.955821
0.986145
1.01654
1.04689
1.07707
1.10695
1.13643
1.16539
1.1937
1.22126
1.24795
1.27368
1.29833
1.32182
1.34404
1.36491
1.38435
1.40227
1.41861
1.43331
1.4463
1.45752
1.46695
1.47454
1.48025
1.48408
1.48599
