0.98897
0.989138
0.989474
0.989975
0.99064
0.991466
0.99245
0.993588
0.994875
0.996306
0.997875
0.999576
1.0014
1.00335
1.0054
1.00755
1.0098
1.01213
1.01454
1.01701
1.01954
1.02211
1.02472
1.02735
1.02999
1.03264
1.03529
1.03791
1.04051
1.04307
1.04558
1.04804
1.05042
1.05273
1.05496
1.05709
1.05912
1.06104
1.06284
1.06452
1.06607
1.06747
1.06874
1.06986
1.07083
1.07164
1.07229
1.07278
1.07311
1.07328
0.988802
0.988971
0.989308
0.989811
0.990478
0.991308
0.992295
0.993438
0.99473
0.996166
0.997742
0.999449
1.00128
1.00323
1.0053
1.00746
1.00972
1.01206
1.01447
1.01695
1.01949
1.02207
1.02469
1.02733
1.02999
1.03265
1.0353
1.03794
1.04054
1.04311
1.04564
1.0481
1.0505
1.05282
1.05505
1.05719
1.05923
1.06116
1.06297
1.06465
1.0662
1.06762
1.06889
1.07001
1.07098
1.0718
1.07245
1.07295
1.07328
1.07344
0.988466
0.988636
0.988975
0.989482
0.990155
0.99099
0.991986
0.993137
0.994439
0.995887
0.997475
0.999196
1.00104
1.00301
1.00509
1.00727
1.00954
1.0119
1.01434
1.01684
1.01939
1.022
1.02463
1.0273
1.02997
1.03265
1.03533
1.03798
1.04061
1.0432
1.04574
1.04823
1.05065
1.05298
1.05524
1.05739
1.05945
1.06139
1.06321
1.06491
1.06647
1.0679
1.06918
1.07031
1.07129
1.07211
1.07277
1.07327
1.07361
1.07377
0.987959
0.988131
0.988474
0.988987
0.989668
0.990513
0.99152
0.992685
0.994002
0.995467
0.997073
0.998814
1.00068
1.00267
1.00477
1.00698
1.00928
1.01167
1.01413
1.01666
1.01925
1.02188
1.02455
1.02724
1.02995
1.03266
1.03537
1.03806
1.04072
1.04334
1.04591
1.04842
1.05087
1.05323
1.05551
1.0577
1.05977
1.06174
1.06358
1.0653
1.06688
1.06833
1.06962
1.07077
1.07176
1.07259
1.07326
1.07376
1.0741
1.07427
0.987281
0.987455
0.987803
0.988324
0.989015
0.989874
0.990896
0.992079
0.993416
0.994903
0.996534
0.998302
1.0002
1.00222
1.00435
1.00659
1.00893
1.01136
1.01386
1.01643
1.01905
1.02173
1.02444
1.02717
1.02992
1.03268
1.03542
1.03815
1.04086
1.04352
1.04613
1.04868
1.05117
1.05357
1.05588
1.0581
1.06021
1.06221
1.06408
1.06583
1.06743
1.0689
1.07022
1.07138
1.07239
1.07323
1.07391
1.07442
1.07476
1.07494
0.986427
0.986605
0.98696
0.987491
0.988195
0.98907
0.990112
0.991317
0.99268
0.994195
0.995857
0.997659
0.999593
1.00165
1.00383
1.00611
1.00849
1.01096
1.01351
1.01613
1.01881
1.02153
1.02429
1.02708
1.02989
1.03269
1.03549
1.03828
1.04103
1.04374
1.04641
1.04901
1.05154
1.05399
1.05635
1.05861
1.06076
1.0628
1.06471
1.06649
1.06812
1.06962
1.07096
1.07215
1.07317
1.07403
1.07473
1.07525
1.0756
1.07577
0.985395
0.985577
0.98594
0.986483
0.987203
0.988098
0.989163
0.990395
0.991789
0.993339
0.995039
0.996881
0.998859
1.00096
1.00319
1.00552
1.00796
1.01049
1.01309
1.01577
1.01851
1.0213
1.02412
1.02697
1.02984
1.03271
1.03558
1.03842
1.04124
1.04402
1.04674
1.0494
1.05199
1.0545
1.05691
1.05923
1.06143
1.06351
1.06546
1.06728
1.06896
1.07049
1.07186
1.07308
1.07412
1.07501
1.07571
1.07625
1.07661
1.07678
0.984181
0.984367
0.98474
0.985297
0.986035
0.986953
0.988047
0.989311
0.990741
0.992331
0.994075
0.995966
0.997995
1.00016
1.00244
1.00483
1.00733
1.00993
1.0126
1.01535
1.01816
1.02102
1.02392
1.02685
1.02979
1.03274
1.03568
1.0386
1.04149
1.04434
1.04713
1.04987
1.05252
1.0551
1.05757
1.05995
1.06221
1.06435
1.06635
1.06822
1.06994
1.07151
1.07292
1.07417
1.07524
1.07615
1.07688
1.07742
1.07779
1.07797
0.982779
0.982971
0.983354
0.983927
0.984688
0.985633
0.986758
0.988059
0.989531
0.991168
0.992963
0.994909
0.996998
0.999222
1.00157
1.00404
1.00661
1.00928
1.01203
1.01486
1.01776
1.0207
1.02369
1.0267
1.02973
1.03276
1.03579
1.0388
1.04177
1.04471
1.04759
1.0504
1.05314
1.05579
1.05834
1.06078
1.06311
1.06531
1.06738
1.0693
1.07107
1.07269
1.07414
1.07543
1.07653
1.07747
1.07822
1.07878
1.07916
1.07935
0.981184
0.981382
0.981778
0.982369
0.983154
0.98413
0.985291
0.986635
0.988154
0.989844
0.991697
0.993706
0.995863
0.998159
1.00058
1.00313
1.00579
1.00854
1.01139
1.01431
1.0173
1.02034
1.02342
1.02653
1.02966
1.03279
1.03592
1.03902
1.0421
1.04513
1.0481
1.05101
1.05383
1.05657
1.05921
1.06173
1.06413
1.06641
1.06854
1.07053
1.07236
1.07403
1.07553
1.07686
1.078
1.07896
1.07974
1.08032
1.08071
1.08091
0.979389
0.979594
0.980004
0.980616
0.981429
0.982439
0.983641
0.985032
0.986605
0.988354
0.990273
0.992352
0.994585
0.996962
0.999474
1.00211
1.00486
1.00771
1.01066
1.01368
1.01678
1.01992
1.02312
1.02634
1.02958
1.03282
1.03606
1.03928
1.04246
1.0456
1.04868
1.05169
1.05462
1.05745
1.06018
1.0628
1.06529
1.06764
1.06985
1.07191
1.07381
1.07554
1.07709
1.07847
1.07965
1.08065
1.08145
1.08206
1.08246
1.08266
0.977387
0.9776
0.978025
0.978661
0.979504
0.980552
0.9818
0.983244
0.984877
0.986692
0.988683
0.990842
0.99316
0.995627
0.998235
1.00097
1.00383
1.00679
1.00985
1.01299
1.0162
1.01947
1.02278
1.02612
1.02949
1.03286
1.03622
1.03956
1.04287
1.04612
1.04932
1.05245
1.05549
1.05843
1.06127
1.06398
1.06657
1.06902
1.07131
1.07345
1.07542
1.07722
1.07883
1.08026
1.08149
1.08253
1.08336
1.08399
1.08441
1.08462
0.97517
0.975392
0.975834
0.976495
0.977373
0.978463
0.979762
0.981263
0.982962
0.984851
0.986923
0.98917
0.991581
0.994149
0.996862
0.999709
1.00268
1.00576
1.00894
1.01221
1.01555
1.01896
1.0224
1.02589
1.02939
1.0329
1.03639
1.03987
1.04331
1.0467
1.05003
1.05329
1.05645
1.05952
1.06247
1.0653
1.06799
1.07054
1.07293
1.07515
1.07721
1.07908
1.08076
1.08224
1.08353
1.08461
1.08547
1.08613
1.08656
1.08678
0.972729
0.97296
0.973421
0.97411
0.975025
0.976162
0.977516
0.979082
0.980854
0.982824
0.984984
0.987327
0.989842
0.99252
0.995349
0.998319
1.00142
1.00463
1.00795
1.01136
1.01484
1.01839
1.02199
1.02562
1.02928
1.03294
1.03659
1.04021
1.0438
1.04734
1.05082
1.05421
1.05751
1.06071
1.06379
1.06674
1.06955
1.07221
1.0747
1.07703
1.07917
1.08112
1.08287
1.08443
1.08577
1.08689
1.0878
1.08848
1.08893
1.08916
0.970053
0.970294
0.970776
0.971496
0.972452
0.97364
0.975055
0.976692
0.978543
0.980601
0.982859
0.985307
0.987935
0.990733
0.99369
0.996794
1.00003
1.00339
1.00686
1.01042
1.01407
1.01778
1.02154
1.02533
1.02915
1.03298
1.03679
1.04058
1.04434
1.04804
1.05167
1.05522
1.05867
1.06202
1.06524
1.06832
1.07126
1.07404
1.07665
1.07908
1.08132
1.08336
1.08519
1.08681
1.08822
1.08939
1.09034
1.09105
1.09153
1.09177
0.967131
0.967384
0.967888
0.968643
0.969643
0.970887
0.972368
0.974081
0.976019
0.978175
0.980538
0.983101
0.985853
0.988783
0.991878
0.995128
0.998519
1.00204
1.00567
1.0094
1.01322
1.0171
1.02104
1.02501
1.02901
1.03302
1.03702
1.04099
1.04492
1.0488
1.0526
1.05632
1.05994
1.06344
1.06681
1.07005
1.07312
1.07604
1.07877
1.08131
1.08366
1.0858
1.08772
1.08942
1.09089
1.09212
1.09311
1.09386
1.09436
1.09461
0.963952
0.964217
0.964746
0.965537
0.966587
0.967891
0.969444
0.971241
0.973273
0.975533
0.978012
0.9807
0.983586
0.986659
0.989906
0.993315
0.996871
1.00056
1.00437
1.00828
1.01229
1.01636
1.02049
1.02467
1.02886
1.03306
1.03726
1.04142
1.04555
1.04962
1.05361
1.05751
1.06131
1.06498
1.06852
1.07192
1.07515
1.0782
1.08107
1.08374
1.0862
1.08845
1.09047
1.09225
1.09379
1.09509
1.09613
1.09691
1.09744
1.0977
0.960502
0.96078
0.961336
0.962167
0.963269
0.964639
0.966271
0.968158
0.970292
0.972666
0.97527
0.978094
0.981125
0.984353
0.987764
0.991345
0.995081
0.998958
1.00296
1.00707
1.01128
1.01556
1.0199
1.02428
1.02869
1.03311
1.03752
1.0419
1.04623
1.0505
1.0547
1.0588
1.06279
1.06666
1.07038
1.07394
1.07734
1.08055
1.08357
1.08637
1.08896
1.09132
1.09344
1.09532
1.09694
1.0983
1.09939
1.10022
1.10077
1.10105
0.956767
0.95706
0.957644
0.958518
0.959678
0.961118
0.962834
0.964819
0.967065
0.969562
0.972301
0.975271
0.97846
0.981856
0.985444
0.989211
0.993142
0.997221
1.00143
1.00576
1.01018
1.01469
1.01926
1.02387
1.02851
1.03315
1.03779
1.0424
1.04696
1.05146
1.05588
1.06019
1.06439
1.06846
1.07238
1.07613
1.07971
1.08309
1.08626
1.08922
1.09194
1.09443
1.09666
1.09863
1.10034
1.10177
1.10292
1.10379
1.10437
1.10466
0.952731
0.95304
0.953655
0.954575
0.955797
0.957314
0.959121
0.961212
0.963577
0.966207
0.969092
0.97222
0.975579
0.979155
0.982935
0.986903
0.991044
0.995341
0.999777
1.00433
1.009
1.01374
1.01855
1.02341
1.0283
1.0332
1.03809
1.04294
1.04775
1.05249
1.05714
1.06169
1.06612
1.07041
1.07453
1.07849
1.08226
1.08582
1.08917
1.09228
1.09516
1.09777
1.10013
1.10221
1.10401
1.10552
1.10673
1.10765
1.10826
1.10857
0.948378
0.948703
0.949352
0.950322
0.95161
0.95321
0.955115
0.95732
0.959813
0.962587
0.965629
0.968927
0.972469
0.976241
0.980227
0.984412
0.988779
0.99331
0.997989
1.0028
1.00771
1.01272
1.0178
1.02292
1.02808
1.03324
1.0384
1.04352
1.0486
1.0536
1.05851
1.06331
1.06798
1.0725
1.07685
1.08103
1.085
1.08876
1.0923
1.09558
1.09861
1.10138
1.10386
1.10606
1.10796
1.10955
1.11083
1.1118
1.11244
1.11277
0.943689
0.944032
0.944717
0.945741
0.9471
0.948788
0.9508
0.953126
0.955759
0.958686
0.961897
0.965379
0.969118
0.9731
0.977308
0.981725
0.986336
0.99112
0.99606
1.00114
1.00633
1.01161
1.01697
1.02239
1.02783
1.03329
1.03873
1.04414
1.0495
1.05478
1.05997
1.06503
1.06997
1.07474
1.07935
1.08376
1.08795
1.09193
1.09566
1.09913
1.10233
1.10525
1.10788
1.11019
1.1122
1.11388
1.11524
1.11626
1.11694
1.11728
0.938644
0.939006
0.93973
0.940812
0.942247
0.944031
0.946156
0.948614
0.951395
0.954488
0.957881
0.96156
0.965511
0.969718
0.974164
0.978832
0.983704
0.98876
0.99398
0.999344
1.00483
1.01042
1.01608
1.0218
1.02756
1.03333
1.03908
1.0448
1.05046
1.05605
1.06153
1.06689
1.0721
1.07715
1.08202
1.08668
1.09112
1.09532
1.09926
1.10294
1.10632
1.10941
1.11218
1.11464
1.11676
1.11854
1.11997
1.12105
1.12177
1.12213
0.933222
0.933605
0.93437
0.935514
0.937032
0.938918
0.941165
0.943764
0.946705
0.949975
0.953563
0.957453
0.961631
0.96608
0.970782
0.97572
0.980872
0.986219
0.991741
0.997414
1.00322
1.00913
1.01512
1.02117
1.02726
1.03336
1.03945
1.0455
1.05149
1.0574
1.0632
1.06887
1.07439
1.07973
1.08488
1.08981
1.09451
1.09895
1.10313
1.10701
1.1106
1.11386
1.1168
1.1194
1.12164
1.12353
1.12504
1.12618
1.12695
1.12733
0.927399
0.927805
0.928614
0.929825
0.931431
0.933427
0.935805
0.938555
0.941666
0.945127
0.948924
0.953041
0.957463
0.962171
0.967148
0.972373
0.977826
0.983486
0.98933
0.995335
1.00148
1.00773
1.01408
1.02049
1.02693
1.03339
1.03983
1.04624
1.05259
1.05884
1.06498
1.07099
1.07683
1.08249
1.08794
1.09316
1.09814
1.10285
1.10727
1.11138
1.11518
1.11864
1.12175
1.1245
1.12687
1.12887
1.13047
1.13168
1.13249
1.1329
0.921151
0.921581
0.922438
0.92372
0.92542
0.927534
0.930052
0.932964
0.936259
0.939924
0.943944
0.948304
0.952986
0.957973
0.963243
0.968778
0.974553
0.980548
0.986738
0.993099
0.999606
1.00623
1.01295
1.01974
1.02657
1.03341
1.04024
1.04703
1.05375
1.06038
1.06688
1.07325
1.07944
1.08543
1.09121
1.09675
1.10202
1.10701
1.11169
1.11605
1.12008
1.12374
1.12704
1.12995
1.13247
1.13459
1.13629
1.13757
1.13843
1.13886
0.914451
0.914906
0.915814
0.917172
0.918974
0.921214
0.923881
0.926967
0.930458
0.934341
0.938601
0.943221
0.948183
0.953467
0.959052
0.964917
0.971038
0.977391
0.983952
0.990693
0.99759
1.00461
1.01174
1.01893
1.02617
1.03342
1.04066
1.04786
1.05498
1.06201
1.06891
1.07566
1.08222
1.08858
1.0947
1.10057
1.10617
1.11145
1.11642
1.12105
1.12531
1.1292
1.1327
1.13579
1.13846
1.1407
1.14251
1.14387
1.14478
1.14523
0.90727
0.907752
0.908715
0.910154
0.912064
0.914438
0.917266
0.920537
0.924238
0.928355
0.932871
0.937769
0.94303
0.948632
0.954554
0.960773
0.967263
0.974
0.980957
0.988106
0.99542
1.00287
1.01042
1.01805
1.02573
1.03342
1.0411
1.04874
1.05629
1.06375
1.07107
1.07822
1.08519
1.09193
1.09843
1.10466
1.11059
1.1162
1.12147
1.12638
1.13091
1.13503
1.13874
1.14202
1.14485
1.14723
1.14915
1.15059
1.15156
1.15204
0.899576
0.900087
0.901108
0.902635
0.904661
0.907178
0.910177
0.913646
0.917572
0.921939
0.926729
0.931924
0.937504
0.943447
0.949729
0.956326
0.963212
0.970359
0.97774
0.985325
0.993084
1.00099
1.009
1.0171
1.02525
1.03341
1.04156
1.04966
1.05768
1.06559
1.07336
1.08096
1.08835
1.09551
1.1024
1.10901
1.11531
1.12127
1.12686
1.13207
1.13688
1.14126
1.14519
1.14867
1.15168
1.15421
1.15624
1.15777
1.1588
1.15931
0.891335
0.891877
0.89296
0.89458
0.89673
0.899401
0.902583
0.906264
0.91043
0.915063
0.920146
0.925659
0.931581
0.937888
0.944555
0.951556
0.958864
0.96645
0.974284
0.982335
0.990571
0.998961
1.00747
1.01607
1.02472
1.03338
1.04203
1.05063
1.05915
1.06755
1.0758
1.08386
1.09171
1.09931
1.10664
1.11366
1.12034
1.12667
1.13261
1.13814
1.14324
1.14789
1.15208
1.15577
1.15897
1.16165
1.16381
1.16544
1.16653
1.16707
0.88251
0.883086
0.884235
0.885954
0.888236
0.891071
0.894449
0.898357
0.902778
0.907697
0.913093
0.918946
0.925232
0.931928
0.939006
0.946439
0.954199
0.962253
0.970571
0.97912
0.987867
0.996776
1.00581
1.01494
1.02413
1.03333
1.04252
1.05166
1.0607
1.06962
1.07838
1.08695
1.09529
1.10336
1.11114
1.1186
1.1257
1.13242
1.13874
1.14461
1.15003
1.15497
1.15942
1.16334
1.16674
1.16959
1.17188
1.17361
1.17477
1.17535
0.873061
0.873673
0.874894
0.876719
0.879142
0.882152
0.885739
0.889888
0.894583
0.899806
0.905536
0.911752
0.918428
0.925539
0.933057
0.940951
0.949193
0.957748
0.966584
0.975665
0.984956
0.994421
1.00402
1.01372
1.02348
1.03326
1.04302
1.05273
1.06234
1.07182
1.08113
1.09023
1.09909
1.10767
1.11594
1.12386
1.13141
1.13855
1.14526
1.15151
1.15727
1.16252
1.16724
1.17142
1.17502
1.17805
1.18049
1.18233
1.18356
1.18417
0.862947
0.863596
0.864893
0.866831
0.869404
0.872602
0.876412
0.880819
0.885806
0.891354
0.897441
0.904044
0.911136
0.918691
0.926678
0.935065
0.943822
0.952912
0.9623
0.97195
0.981823
0.991881
1.00208
1.01239
1.02276
1.03315
1.04353
1.05385
1.06406
1.07414
1.08403
1.09371
1.10313
1.11225
1.12104
1.12946
1.13749
1.14508
1.15221
1.15885
1.16498
1.17056
1.17558
1.18002
1.18385
1.18707
1.18967
1.19162
1.19292
1.19358
0.852118
0.852809
0.854186
0.856246
0.858979
0.862377
0.866424
0.871107
0.876406
0.882301
0.888769
0.895785
0.903322
0.91135
0.919838
0.928752
0.938058
0.947719
0.957698
0.967955
0.978449
0.98914
0.999986
1.01094
1.02197
1.03302
1.04405
1.05502
1.06588
1.07659
1.08711
1.0974
1.10741
1.11711
1.12646
1.13542
1.14395
1.15202
1.15961
1.16667
1.17318
1.17912
1.18446
1.18918
1.19326
1.19668
1.19944
1.20151
1.2029
1.2036
0.840526
0.84126
0.842723
0.844912
0.847817
0.851428
0.855729
0.860706
0.866338
0.872603
0.879478
0.886935
0.894946
0.90348
0.912502
0.921979
0.931872
0.942143
0.952752
0.963657
0.974816
0.986183
0.997715
1.00937
1.02109
1.03284
1.04457
1.05623
1.06779
1.07918
1.09037
1.10131
1.11196
1.12228
1.13222
1.14175
1.15082
1.15941
1.16748
1.17499
1.18191
1.18823
1.19391
1.19893
1.20327
1.20691
1.20984
1.21205
1.21353
1.21427
0.828115
0.828894
0.83045
0.832777
0.835865
0.839703
0.844275
0.849566
0.855553
0.862213
0.869522
0.877451
0.885968
0.895041
0.904635
0.914711
0.925231
0.936154
0.947436
0.959033
0.9709
0.98299
0.995255
1.00765
1.02012
1.03262
1.04509
1.0575
1.06979
1.08191
1.09381
1.10545
1.11678
1.12776
1.13833
1.14847
1.15813
1.16726
1.17585
1.18384
1.19121
1.19793
1.20397
1.20931
1.21393
1.2178
1.22092
1.22327
1.22485
1.22563
0.814824
0.815652
0.817307
0.81978
0.823064
0.827144
0.832006
0.837631
0.843997
0.85108
0.858852
0.867283
0.876341
0.885991
0.896194
0.906911
0.918101
0.929719
0.941719
0.954056
0.96668
0.979541
0.992589
1.00577
1.01904
1.03234
1.04561
1.05881
1.07189
1.08478
1.09745
1.10984
1.12189
1.13357
1.14483
1.15561
1.16589
1.17561
1.18474
1.19325
1.20109
1.20824
1.21467
1.22035
1.22527
1.22939
1.23271
1.23522
1.23689
1.23773
0.800587
0.801468
0.803228
0.805858
0.80935
0.813689
0.81886
0.824842
0.831613
0.839146
0.847413
0.856381
0.866016
0.876281
0.887135
0.898537
0.910441
0.922801
0.935569
0.948695
0.962127
0.975813
0.989697
1.00373
1.01784
1.03199
1.04612
1.06017
1.07409
1.08781
1.10129
1.11447
1.1273
1.13973
1.15171
1.16319
1.17413
1.18448
1.1942
1.20325
1.2116
1.21921
1.22606
1.2321
1.23734
1.24173
1.24526
1.24792
1.2497
1.2506
0.785333
0.78627
0.788142
0.79094
0.794654
0.79927
0.80477
0.811134
0.818337
0.826351
0.835146
0.844687
0.854939
0.86586
0.877409
0.889541
0.902209
0.915363
0.928951
0.94292
0.957215
0.97178
0.986558
1.00149
1.01652
1.03158
1.04662
1.06157
1.07638
1.09099
1.10534
1.11937
1.13303
1.14627
1.15902
1.17124
1.18288
1.1939
1.20425
1.21388
1.22277
1.23087
1.23816
1.2446
1.25017
1.25484
1.25861
1.26144
1.26334
1.26429
0.768982
0.769979
0.77197
0.774947
0.778899
0.78381
0.789662
0.796433
0.804098
0.812626
0.821984
0.832138
0.843048
0.854671
0.866963
0.879875
0.893358
0.907359
0.921823
0.936693
0.95191
0.967415
0.983147
0.999043
1.01504
1.03108
1.04709
1.06301
1.07878
1.09433
1.10961
1.12455
1.13909
1.15318
1.16676
1.17978
1.19217
1.2039
1.21492
1.22518
1.23464
1.24327
1.25103
1.25789
1.26382
1.26879
1.2728
1.27582
1.27784
1.27885
0.751447
0.752508
0.754626
0.757794
0.761999
0.767226
0.773455
0.780661
0.788818
0.797895
0.807857
0.818665
0.830278
0.842651
0.855736
0.869483
0.883837
0.898743
0.914143
0.929975
0.946177
0.962687
0.979438
0.996364
1.0134
1.03048
1.04752
1.06448
1.08127
1.09784
1.11411
1.13002
1.1455
1.16051
1.17497
1.18883
1.20203
1.21452
1.22625
1.23718
1.24726
1.25645
1.26471
1.27201
1.27832
1.28363
1.28789
1.29111
1.29326
1.29433
0.732629
0.733759
0.736014
0.739386
0.743862
0.749426
0.756057
0.763729
0.772413
0.782076
0.792682
0.80419
0.816555
0.82973
0.843664
0.858302
0.873588
0.889462
0.905861
0.922722
0.939978
0.957561
0.975401
0.993429
1.01157
1.02976
1.04792
1.06598
1.08386
1.1015
1.11883
1.13578
1.15228
1.16826
1.18366
1.19842
1.21248
1.22579
1.23828
1.24992
1.26066
1.27044
1.27924
1.28702
1.29375
1.29939
1.30394
1.30736
1.30965
1.3108
0.712421
0.713624
0.716025
0.719616
0.724382
0.730307
0.737368
0.745538
0.754786
0.765077
0.776372
0.788628
0.801798
0.815831
0.830672
0.846264
0.862546
0.879455
0.896925
0.914886
0.933268
0.951998
0.971004
0.990208
1.00954
1.02891
1.04826
1.06749
1.08655
1.10534
1.1238
1.14185
1.15943
1.17645
1.19286
1.20858
1.22356
1.23774
1.25105
1.26345
1.27488
1.28531
1.29468
1.30297
1.31013
1.31615
1.32099
1.32464
1.32708
1.3283
0.690701
0.691982
0.69454
0.698364
0.703442
0.709753
0.717275
0.725978
0.73583
0.746794
0.758828
0.771885
0.785916
0.800868
0.81668
0.833294
0.850643
0.868659
0.887273
0.906411
0.925998
0.945957
0.966208
0.986671
1.00727
1.02791
1.04852
1.06902
1.08932
1.10935
1.12902
1.14825
1.16698
1.18512
1.2026
1.21935
1.23531
1.25041
1.2646
1.27781
1.28999
1.3011
1.31108
1.31991
1.32754
1.33395
1.33911
1.343
1.3456
1.3469
0.667329
0.668695
0.671421
0.675497
0.680908
0.687634
0.695649
0.704925
0.715425
0.72711
0.739936
0.753853
0.768808
0.784744
0.801598
0.819305
0.837797
0.857
0.87684
0.897239
0.918115
0.939388
0.960972
0.982782
1.00473
1.02673
1.0487
1.07055
1.09218
1.11353
1.13449
1.15499
1.17494
1.19427
1.2129
1.23075
1.24776
1.26385
1.27897
1.29304
1.30602
1.31786
1.3285
1.33791
1.34604
1.35287
1.35836
1.3625
1.36527
1.36666
0.642149
0.643605
0.646512
0.650858
0.656628
0.6638
0.672347
0.682238
0.693434
0.705894
0.719571
0.734411
0.750358
0.76735
0.785322
0.804203
0.82392
0.844396
0.86555
0.887299
0.909558
0.932237
0.955249
0.978501
1.0019
1.02536
1.04877
1.07206
1.09513
1.11788
1.14022
1.16207
1.18334
1.20394
1.22379
1.24282
1.26095
1.2781
1.29421
1.30921
1.32304
1.33566
1.347
1.35702
1.36569
1.37296
1.37882
1.38323
1.38618
1.38766
0.614978
0.616531
0.619633
0.62427
0.630427
0.63808
0.6472
0.657754
0.669701
0.682996
0.697588
0.713422
0.730436
0.748564
0.767737
0.78788
0.808913
0.830755
0.853319
0.876517
0.900257
0.924446
0.948987
0.973783
0.998736
1.02375
1.04872
1.07355
1.09814
1.12239
1.14621
1.16951
1.19218
1.21414
1.23531
1.25559
1.27491
1.29319
1.31036
1.32635
1.3411
1.35454
1.36663
1.37731
1.38655
1.39431
1.40055
1.40525
1.4084
1.40997
0.5856
0.587259
0.590571
0.595525
0.602101
0.610274
0.620015
0.631285
0.644043
0.65824
0.673822
0.690728
0.708892
0.728246
0.748713
0.770213
0.792663
0.815973
0.840053
0.864807
0.890137
0.915944
0.942126
0.968578
0.995196
1.02187
1.04851
1.07499
1.10121
1.12708
1.15248
1.17732
1.20149
1.22491
1.24747
1.2691
1.2897
1.30919
1.32749
1.34454
1.36025
1.37458
1.38747
1.39886
1.4087
1.41697
1.42362
1.42864
1.43199
1.43367
0.553758
0.555533
0.559075
0.564373
0.571405
0.580146
0.590561
0.602611
0.61625
0.631426
0.648079
0.666146
0.685556
0.706234
0.728098
0.751063
0.775039
0.799932
0.825643
0.85207
0.87911
0.906656
0.934599
0.962828
0.991231
1.0197
1.04811
1.07636
1.10433
1.13192
1.15902
1.18551
1.21129
1.23626
1.26032
1.28338
1.30535
1.32613
1.34564
1.36381
1.38057
1.39585
1.40959
1.42173
1.43222
1.44104
1.44813
1.45347
1.45704
1.45883
0.519139
0.521041
0.524837
0.530512
0.538046
0.547408
0.558562
0.571465
0.586067
0.602311
0.620132
0.639463
0.660226
0.68234
0.705719
0.73027
0.755896
0.782497
0.809967
0.838198
0.867079
0.896495
0.926331
0.956468
0.986787
1.01717
1.04749
1.07764
1.10749
1.13692
1.16583
1.19408
1.22159
1.24822
1.27389
1.29848
1.3219
1.34406
1.36487
1.38425
1.40212
1.41841
1.43305
1.446
1.45719
1.46659
1.47415
1.47984
1.48365
1.48556
