-0.0118627 0.0118349
-0.0355852 0.0117897
-0.0591374 0.0116972
-0.0825186 0.0115591
-0.105566 0.0113751
-0.128269 0.0111468
-0.150477 0.0108741
-0.172173 0.0105587
-0.193216 0.010201
-0.213584 0.0098031
-0.233148 0.00936556
-0.251881 0.0088907
-0.269666 0.00837949
-0.286475 0.00783452
-0.302203 0.00725699
-0.316819 0.00664984
-0.330233 0.00601443
-0.342413 0.00535403
-0.353287 0.00467016
-0.362821 0.00396638
-0.37096 0.00324434
-0.377672 0.00250785
-0.382919 0.00175865
-0.386673 0.00100078
-0.388915 0.000236023
-0.389617 -0.000531549
-0.388785 -0.00129921
-0.386394 -0.00206421
-0.382468 -0.00282354
-0.376989 -0.00357358
-0.37 -0.00431198
-0.361491 -0.00503497
-0.351525 -0.00574036
-0.340097 -0.00642446
-0.327291 -0.00708519
-0.313107 -0.00771906
-0.297651 -0.00832412
-0.280925 -0.00889714
-0.263058 -0.00943636
-0.244054 -0.00993886
-0.22406 -0.0104031
-0.203083 -0.0108265
-0.181289 -0.0112079
-0.158685 -0.0115451
-0.135453 -0.011837
-0.111598 -0.012082
-0.0873176 -0.0122795
-0.0626146 -0.0124283
-0.0376973 -0.0125279
-0.0125663 -0.0125782
-0.0118642 0.0356209
-0.0355914 0.035481
-0.0591547 0.0352033
-0.0825425 0.0347881
-0.105599 0.0342366
-0.128309 0.033551
-0.150525 0.0327333
-0.172227 0.0317868
-0.193277 0.0307142
-0.213651 0.0295201
-0.23322 0.0282076
-0.251959 0.0267827
-0.269749 0.0252492
-0.286562 0.0236138
-0.302293 0.0218811
-0.316912 0.020059
-0.330329 0.0181524
-0.342512 0.0161703
-0.353387 0.0141181
-0.362923 0.0120055
-0.371062 0.00983837
-0.377774 0.00762735
-0.383021 0.00537836
-0.386774 0.00310276
-0.389015 0.000806849
-0.389716 -0.00149824
-0.388881 -0.00380401
-0.386488 -0.00610138
-0.382559 -0.00838195
-0.377077 -0.010635
-0.370086 -0.012853
-0.361573 -0.0150251
-0.351604 -0.0171442
-0.340172 -0.0191996
-0.327362 -0.0211847
-0.313174 -0.0230893
-0.297714 -0.0249073
-0.280984 -0.0266292
-0.263113 -0.0282494
-0.244104 -0.0297594
-0.224106 -0.0311544
-0.203124 -0.0324268
-0.181326 -0.0335728
-0.158717 -0.0345859
-0.13548 -0.0354631
-0.11162 -0.0361995
-0.0873358 -0.0367929
-0.0626274 -0.0372398
-0.0377068 -0.0375389
-0.0125697 -0.0376886
-0.0118756 0.0592175
-0.0356237 0.0589856
-0.059198 0.0585226
-0.0826038 0.0578305
-0.105673 0.056911
-0.1284 0.0557683
-0.150629 0.054405
-0.172347 0.0528275
-0.19341 0.0510394
-0.213798 0.0490491
-0.23338 0.0468615
-0.252132 0.0444866
-0.269933 0.0419304
-0.286758 0.0392049
-0.302499 0.036317
-0.317128 0.0332805
-0.330554 0.030103
-0.342745 0.0268001
-0.353627 0.0233802
-0.363169 0.0198602
-0.371313 0.0162493
-0.37803 0.0125656
-0.38328 0.0088188
-0.387036 0.00502793
-0.389277 0.00120351
-0.38998 -0.00263572
-0.389144 -0.00647684
-0.386749 -0.0103026
-0.382816 -0.0141007
-0.37733 -0.0178524
-0.370333 -0.0215459
-0.361815 -0.0251626
-0.351838 -0.028691
-0.340397 -0.0321133
-0.327578 -0.0354185
-0.31338 -0.0385896
-0.297909 -0.0416163
-0.281168 -0.0444831
-0.263284 -0.0471804
-0.244263 -0.0496946
-0.22425 -0.0520168
-0.203256 -0.0541355
-0.181442 -0.0560431
-0.158819 -0.05773
-0.135566 -0.0591902
-0.111691 -0.0604164
-0.0873898 -0.0614041
-0.0626664 -0.0621484
-0.0377278 -0.0626465
-0.0125765 -0.0628962
-0.0118831 0.0831075
-0.0356477 0.0827831
-0.0592494 0.0821351
-0.082674 0.0811662
-0.105768 0.0798792
-0.128513 0.0782793
-0.150765 0.076371
-0.1725 0.0741621
-0.193583 0.071659
-0.213987 0.0688721
-0.233587 0.0658093
-0.252352 0.0624837
-0.270168 0.0589047
-0.287004 0.0550878
-0.302757 0.0510439
-0.317395 0.046791
-0.330829 0.0423412
-0.343027 0.0377147
-0.353914 0.0329247
-0.363459 0.0279935
-0.371605 0.0229352
-0.378323 0.0177739
-0.383572 0.0125244
-0.387326 0.0072121
-0.389563 0.00185297
-0.390262 -0.00352789
-0.38942 -0.00891187
-0.387019 -0.0142749
-0.383079 -0.019599
-0.377585 -0.0248589
-0.370579 -0.0300371
-0.362051 -0.0351083
-0.352064 -0.0400557
-0.340613 -0.0448548
-0.327783 -0.0494894
-0.313573 -0.0539365
-0.298091 -0.058181
-0.281337 -0.0622016
-0.263441 -0.0659845
-0.244406 -0.0695105
-0.224382 -0.0727675
-0.203373 -0.075739
-0.181547 -0.0784145
-0.15891 -0.0807804
-0.135645 -0.0828285
-0.111755 -0.0845483
-0.0874414 -0.0859336
-0.0627027 -0.0869776
-0.0377527 -0.0876762
-0.012585 -0.0880263
-0.0119019 0.106594
-0.0357029 0.106177
-0.0593284 0.105344
-0.0827861 0.104097
-0.105905 0.102442
-0.128682 0.100384
-0.150958 0.09793
-0.172723 0.0950894
-0.193829 0.0918701
-0.214261 0.0882862
-0.233882 0.0843472
-0.252672 0.0800708
-0.270508 0.075468
-0.287366 0.0705601
-0.303137 0.0653599
-0.317793 0.0598916
-0.331242 0.0541697
-0.343455 0.0482215
-0.354354 0.0420627
-0.363911 0.0357233
-0.372066 0.0292203
-0.378791 0.0225858
-0.384045 0.0158378
-0.387803 0.00901004
-0.390042 0.00212189
-0.390741 -0.00479279
-0.389896 -0.0117124
-0.387491 -0.0186034
-0.383544 -0.025445
-0.378043 -0.0322028
-0.371026 -0.0388561
-0.362486 -0.0453711
-0.352485 -0.0517273
-0.341019 -0.0578925
-0.328172 -0.0638466
-0.313944 -0.0695595
-0.298441 -0.0750123
-0.281667 -0.0801772
-0.263747 -0.0850368
-0.24469 -0.0895664
-0.224641 -0.0937504
-0.203608 -0.0975676
-0.181755 -0.101005
-0.159091 -0.104044
-0.135797 -0.106675
-0.111882 -0.108884
-0.087538 -0.110664
-0.0627726 -0.112005
-0.0377915 -0.112902
-0.0125978 -0.113352
-0.0119145 0.130585
-0.035742 0.130075
-0.0594062 0.129057
-0.0828921 0.127534
-0.106047 0.125511
-0.128851 0.122996
-0.15116 0.119996
-0.172951 0.116524
-0.194087 0.11259
-0.214542 0.108209
-0.234189 0.103394
-0.252999 0.0981661
-0.270857 0.0925398
-0.287731 0.0865392
-0.303518 0.0801818
-0.318187 0.0734954
-0.331648 0.0664994
-0.343868 0.0592251
-0.354775 0.0516938
-0.364336 0.04394
-0.372493 0.0359864
-0.379218 0.0278701
-0.38447 0.0196154
-0.388224 0.0112612
-0.390458 0.00283324
-0.391149 -0.00562888
-0.390296 -0.0140973
-0.387881 -0.0225324
-0.383922 -0.0309067
-0.378408 -0.0391799
-0.371378 -0.047325
-0.362824 -0.0553019
-0.352808 -0.0630842
-0.341326 -0.0706336
-0.328462 -0.0779244
-0.314217 -0.0849205
-0.298697 -0.0915978
-0.281905 -0.0979232
-0.263968 -0.103875
-0.244892 -0.109422
-0.224825 -0.114546
-0.203772 -0.119221
-0.181902 -0.123431
-0.159218 -0.127154
-0.135907 -0.130376
-0.11197 -0.133082
-0.0876094 -0.135262
-0.0628228 -0.136904
-0.0378251 -0.138004
-0.0126091 -0.138554
-0.0119381 0.15395
-0.0358117 0.153348
-0.0595085 0.152143
-0.0830374 0.150343
-0.106225 0.147951
-0.12907 0.144978
-0.151411 0.141432
-0.17324 0.137327
-0.194407 0.132675
-0.214896 0.127496
-0.234572 0.121804
-0.253413 0.115625
-0.271296 0.108973
-0.288197 0.10188
-0.304007 0.0943647
-0.318699 0.0864614
-0.332178 0.0781916
-0.344418 0.0695941
-0.355338 0.0606923
-0.364913 0.0515287
-0.37308 0.0421286
-0.379814 0.0325378
-0.385071 0.0227829
-0.388829 0.0129122
-0.391063 0.00295382
-0.391753 -0.00704283
-0.390895 -0.0170479
-0.388474 -0.0270115
-0.384506 -0.0369042
-0.378981 -0.0466757
-0.371936 -0.0562966
-0.363366 -0.0657176
-0.353331 -0.0749095
-0.341829 -0.0838252
-0.328943 -0.0924362
-0.314675 -0.100698
-0.299128 -0.108585
-0.28231 -0.116055
-0.264344 -0.123083
-0.24524 -0.129635
-0.225141 -0.135687
-0.204058 -0.141208
-0.182154 -0.14618
-0.159439 -0.150576
-0.136093 -0.154382
-0.112124 -0.157578
-0.0877268 -0.160152
-0.0629077 -0.162092
-0.0378726 -0.163391
-0.0126249 -0.164041
-0.0119532 0.178025
-0.0358577 0.17733
-0.0595983 0.175941
-0.0831596 0.173863
-0.106388 0.171104
-0.129264 0.167674
-0.151643 0.163582
-0.173501 0.158846
-0.194701 0.153479
-0.215216 0.147503
-0.234921 0.140935
-0.253783 0.133803
-0.27169 0.126127
-0.288609 0.11794
-0.304436 0.109267
-0.31914 0.100143
-0.332631 0.0905977
-0.344877 0.0806716
-0.355804 0.0703946
-0.36538 0.0598132
-0.373548 0.0489589
-0.380279 0.0378818
-0.385532 0.0266155
-0.389282 0.0152127
-0.391507 0.00370862
-0.392186 -0.0078423
-0.391316 -0.0194032
-0.388881 -0.0309186
-0.384899 -0.042352
-0.379357 -0.0536474
-0.372296 -0.0647685
-0.363709 -0.0756602
-0.353656 -0.0862869
-0.342136 -0.0965955
-0.329232 -0.106552
-0.314944 -0.116106
-0.29938 -0.125225
-0.282542 -0.133863
-0.264558 -0.141991
-0.245433 -0.149568
-0.225317 -0.156566
-0.204214 -0.162952
-0.182293 -0.168701
-0.159558 -0.173786
-0.136195 -0.178188
-0.112207 -0.181884
-0.0877936 -0.184861
-0.0629545 -0.187105
-0.0379042 -0.188607
-0.0126355 -0.189359
-0.0119778 0.201242
-0.0359307 0.200453
-0.0597057 0.198878
-0.0833121 0.196523
-0.106575 0.193395
-0.129494 0.189506
-0.151906 0.184867
-0.173803 0.179498
-0.195034 0.173413
-0.215585 0.166638
-0.235318 0.159192
-0.254212 0.151107
-0.272144 0.142405
-0.289089 0.133125
-0.304938 0.123292
-0.319664 0.11295
-0.333172 0.102129
-0.345435 0.0908785
-0.356374 0.0792292
-0.365962 0.0672366
-0.374137 0.054934
-0.380876 0.042381
-0.386131 0.0296128
-0.389883 0.0166924
-0.392105 0.00365637
-0.392781 -0.00942993
-0.391904 -0.0225285
-0.38946 -0.0355732
-0.385465 -0.0485259
-0.379911 -0.0613201
-0.372833 -0.073918
-0.364228 -0.0862543
-0.354154 -0.0982915
-0.342614 -0.109967
-0.329685 -0.121244
-0.315374 -0.132065
-0.299782 -0.142394
-0.282919 -0.152178
-0.264905 -0.161385
-0.245754 -0.169966
-0.225606 -0.177894
-0.204476 -0.185126
-0.182522 -0.191639
-0.159759 -0.197398
-0.136363 -0.202384
-0.112346 -0.20657
-0.087899 -0.209943
-0.0630307 -0.212484
-0.0379465 -0.214185
-0.0126495 -0.215038
-0.011991 0.225366
-0.0359712 0.224485
-0.0597864 0.222725
-0.0834214 0.220094
-0.106722 0.216598
-0.129668 0.212252
-0.152113 0.207069
-0.174035 0.201069
-0.195296 0.194269
-0.215868 0.186697
-0.235624 0.178375
-0.254535 0.169338
-0.272485 0.159612
-0.289442 0.149238
-0.305303 0.138246
-0.320035 0.126684
-0.333549 0.114586
-0.345813 0.102005
-0.356752 0.0889786
-0.366336 0.0755654
-0.374506 0.0618056
-0.381235 0.0477625
-0.386481 0.0334786
-0.39022 0.0190208
-0.392429 0.00443362
-0.393089 -0.0102137
-0.392196 -0.024875
-0.389735 -0.0394793
-0.385723 -0.0539807
-0.380151 -0.0683076
-0.373056 -0.0824143
-0.364433 -0.0962306
-0.354343 -0.109711
-0.342785 -0.122789
-0.329841 -0.135421
-0.315514 -0.147542
-0.299908 -0.159113
-0.28303 -0.170073
-0.265005 -0.180387
-0.24584 -0.190001
-0.225683 -0.198883
-0.20454 -0.206986
-0.182579 -0.214282
-0.159805 -0.220735
-0.136403 -0.226321
-0.112376 -0.231012
-0.087925 -0.234791
-0.0630481 -0.237638
-0.0379604 -0.239544
-0.0126543 -0.240499
-0.0120117 0.248384
-0.0360326 0.24741
-0.059874 0.245465
-0.0835463 0.242556
-0.106873 0.238692
-0.129853 0.233888
-0.152324 0.228157
-0.174277 0.221524
-0.19556 0.214007
-0.216159 0.205636
-0.235935 0.196436
-0.254869 0.186446
-0.272835 0.175694
-0.289811 0.164226
-0.305684 0.152074
-0.320431 0.139294
-0.333953 0.12592
-0.346226 0.112014
-0.35717 0.0976145
-0.366759 0.0827898
-0.374929 0.0675811
-0.381659 0.0520618
-0.386901 0.0362755
-0.390637 0.0203
-0.392838 0.00418057
-0.393492 -0.0120017
-0.392587 -0.0282007
-0.390116 -0.0443337
-0.386089 -0.0603542
-0.380503 -0.0761794
-0.373391 -0.0917628
-0.364753 -0.107023
-0.354643 -0.121915
-0.343068 -0.136359
-0.330104 -0.150312
-0.315759 -0.1637
-0.300133 -0.176481
-0.283237 -0.188588
-0.265191 -0.19998
-0.246009 -0.2106
-0.225832 -0.220411
-0.204673 -0.229361
-0.182693 -0.237422
-0.159904 -0.24455
-0.136483 -0.250721
-0.112443 -0.255902
-0.0879735 -0.260077
-0.0630835 -0.263222
-0.037978 -0.265328
-0.0126601 -0.266383
-0.0120175 0.272499
-0.0360506 0.271432
-0.0599176 0.269303
-0.0836035 0.266118
-0.106952 0.261887
-0.129945 0.256628
-0.152435 0.250354
-0.174397 0.243091
-0.195695 0.234861
-0.216301 0.225695
-0.236086 0.215622
-0.255023 0.204681
-0.272993 0.192907
-0.289966 0.180346
-0.305837 0.167038
-0.320576 0.153038
-0.334091 0.138388
-0.346353 0.123152
-0.357284 0.107376
-0.366857 0.0911295
-0.375011 0.0744627
-0.381721 0.0574512
-0.386944 0.040147
-0.390659 0.0226307
-0.39284 0.00495626
-0.393472 -0.0127922
-0.392547 -0.0305593
-0.390055 -0.0482585
-0.38601 -0.0658343
-0.380407 -0.0831997
-0.373279 -0.1003
-0.364626 -0.117048
-0.354505 -0.133391
-0.34292 -0.149246
-0.329948 -0.164561
-0.315598 -0.179258
-0.29997 -0.193289
-0.283073 -0.20658
-0.265031 -0.219087
-0.245853 -0.230746
-0.225684 -0.241518
-0.204533 -0.251345
-0.182565 -0.260195
-0.159789 -0.268021
-0.136385 -0.274797
-0.112359 -0.280486
-0.0879095 -0.28507
-0.0630362 -0.288524
-0.0379528 -0.290836
-0.0126518 -0.291994
-0.0120279 0.295241
-0.036081 0.294082
-0.0599533 0.291768
-0.0836559 0.288306
-0.10701 0.283708
-0.130017 0.277991
-0.15251 0.271172
-0.174484 0.263278
-0.195783 0.254331
-0.216396 0.244369
-0.236181 0.233419
-0.255121 0.221528
-0.273088 0.208729
-0.290061 0.195077
-0.305926 0.180611
-0.320661 0.165394
-0.334167 0.14947
-0.346422 0.132911
-0.357342 0.115764
-0.366906 0.0981089
-0.375047 0.0799951
-0.381746 0.06151
-0.386955 0.0427054
-0.390657 0.0236743
-0.392823 0.00447004
-0.393441 -0.0148102
-0.392501 -0.034112
-0.389996 -0.0533364
-0.385936 -0.0724283
-0.38032 -0.0912886
-0.373178 -0.109862
-0.364515 -0.128052
-0.354382 -0.145803
-0.342789 -0.163022
-0.329809 -0.179657
-0.315455 -0.195618
-0.299822 -0.210857
-0.282925 -0.225293
-0.264882 -0.238878
-0.245709 -0.251541
-0.225544 -0.263241
-0.204403 -0.273915
-0.182443 -0.283529
-0.15968 -0.29203
-0.136287 -0.29939
-0.112278 -0.30557
-0.0878424 -0.310549
-0.0629885 -0.314301
-0.0379204 -0.316812
-0.0126409 -0.31807
-0.0120189 0.319255
-0.0360549 0.318004
-0.0599237 0.315506
-0.0836106 0.31177
-0.106959 0.306808
-0.129949 0.300638
-0.152433 0.293279
-0.174387 0.284758
-0.195674 0.275103
-0.216265 0.264349
-0.236033 0.25253
-0.254947 0.239693
-0.272892 0.225877
-0.289837 0.211137
-0.305676 0.195519
-0.320379 0.179087
-0.333856 0.161891
-0.346076 0.144007
-0.356964 0.125487
-0.366492 0.106413
-0.374599 0.086844
-0.381263 0.0668684
-0.386438 0.0465475
-0.390107 0.0259756
-0.392243 0.00521639
-0.392831 -0.0156318
-0.391865 -0.0365035
-0.389337 -0.0572975
-0.385258 -0.0779481
-0.379626 -0.098353
-0.372474 -0.118448
-0.363804 -0.13813
-0.353671 -0.157339
-0.342081 -0.175974
-0.329111 -0.193976
-0.314771 -0.211253
-0.299158 -0.227747
-0.282285 -0.243372
-0.264273 -0.258077
-0.245134 -0.271786
-0.225009 -0.284451
-0.20391 -0.296006
-0.182 -0.306413
-0.159286 -0.315616
-0.13595 -0.323584
-0.111998 -0.330275
-0.0876243 -0.335665
-0.0628305 -0.339728
-0.0378284 -0.342446
-0.0126104 -0.343808
-0.012011 0.341607
-0.0360304 0.340264
-0.0598673 0.337582
-0.0835344 0.333572
-0.106851 0.328244
-0.129819 0.32162
-0.15227 0.313718
-0.1742 0.304571
-0.195452 0.294203
-0.216016 0.282658
-0.235748 0.269967
-0.254633 0.256185
-0.272541 0.241349
-0.289453 0.225524
-0.305255 0.208753
-0.319925 0.191111
-0.333364 0.172648
-0.345551 0.153447
-0.356402 0.133562
-0.365898 0.113086
-0.373971 0.0920762
-0.380604 0.0706343
-0.385749 0.0488199
-0.389391 0.026741
-0.391499 0.00445927
-0.392066 -0.0179122
-0.391078 -0.0403108
-0.388534 -0.0626213
-0.38444 -0.0847799
-0.378799 -0.106671
-0.37164 -0.128232
-0.36297 -0.149348
-0.352839 -0.169957
-0.341259 -0.18995
-0.3283 -0.209265
-0.31398 -0.2278
-0.29839 -0.245497
-0.281549 -0.262261
-0.263569 -0.27804
-0.244473 -0.292748
-0.224391 -0.306339
-0.203345 -0.318737
-0.181487 -0.329905
-0.158835 -0.33978
-0.135559 -0.348331
-0.111674 -0.35551
-0.087367 -0.361295
-0.0626463 -0.365654
-0.0377138 -0.368572
-0.0125721 -0.370033
-0.0119783 0.36539
-0.0359329 0.363957
-0.0597196 0.361093
-0.0833239 0.356811
-0.106588 0.351123
-0.129492 0.34405
-0.151889 0.335613
-0.173754 0.325845
-0.194949 0.314776
-0.215447 0.302446
-0.235119 0.288895
-0.253936 0.274175
-0.271782 0.258331
-0.288626 0.241427
-0.304363 0.223514
-0.318965 0.204667
-0.332339 0.184942
-0.344458 0.164425
-0.355246 0.143176
-0.364677 0.121291
-0.37269 0.0988356
-0.379264 0.0759112
-0.384354 0.0525882
-0.387945 0.0289747
-0.390009 0.00514416
-0.390535 -0.0187912
-0.389515 -0.0427558
-0.386944 -0.0666334
-0.382833 -0.0903485
-0.377181 -0.113784
-0.370021 -0.136864
-0.361358 -0.159474
-0.351244 -0.18154
-0.33969 -0.202949
-0.326767 -0.223633
-0.312491 -0.243484
-0.296956 -0.262437
-0.280178 -0.280393
-0.262272 -0.297294
-0.243255 -0.313048
-0.223263 -0.327605
-0.202313 -0.340887
-0.18056 -0.352849
-0.158017 -0.363428
-0.134859 -0.372588
-0.111094 -0.380279
-0.0869134 -0.386476
-0.0623192 -0.391146
-0.0375198 -0.394272
-0.0125076 -0.395837
-0.0119423 0.387191
-0.0358241 0.385666
-0.0595221 0.382621
-0.0830506 0.378068
-0.106226 0.372018
-0.129053 0.364497
-0.151361 0.355524
-0.173148 0.345137
-0.194254 0.333363
-0.214671 0.320251
-0.234255 0.305837
-0.252991 0.290182
-0.270749 0.273329
-0.287513 0.255351
-0.303166 0.236297
-0.317689 0.216252
-0.330983 0.195271
-0.343029 0.17345
-0.353742 0.15085
-0.363107 0.127576
-0.371053 0.103694
-0.377569 0.0793177
-0.382604 0.0545156
-0.386147 0.0294105
-0.388168 0.00407223
-0.388659 -0.0213701
-0.38761 -0.0468457
-0.385019 -0.0722234
-0.380894 -0.0974306
-0.37524 -0.122336
-0.368084 -0.146867
-0.359437 -0.170895
-0.349347 -0.194347
-0.337829 -0.2171
-0.32495 -0.239084
-0.310731 -0.260181
-0.29526 -0.280326
-0.27856 -0.29941
-0.260739 -0.317374
-0.24182 -0.334119
-0.221932 -0.349593
-0.201098 -0.36371
-0.179465 -0.376427
-0.157054 -0.387671
-0.13403 -0.397409
-0.110409 -0.405585
-0.0863729 -0.412173
-0.0619316 -0.417137
-0.0372827 -0.42046
-0.0124285 -0.422124
-0.0118747 0.410566
-0.0356223 0.408952
-0.0592015 0.405728
-0.0825983 0.400907
-0.105653 0.394503
-0.128349 0.38654
-0.150536 0.377041
-0.172192 0.366042
-0.193176 0.353577
-0.213463 0.339694
-0.232924 0.324433
-0.251532 0.307854
-0.269169 0.290009
-0.285806 0.270968
-0.301339 0.250789
-0.315741 0.229555
-0.32892 0.207332
-0.340851 0.184212
-0.351457 0.160267
-0.360715 0.135602
-0.368565 0.110291
-0.374988 0.0844488
-0.37994 0.058155
-0.383407 0.0315306
-0.385363 0.00465885
-0.3858 -0.0223344
-0.384709 -0.0493632
-0.382088 -0.0762969
-0.377948 -0.10305
-0.372292 -0.129489
-0.365149 -0.155531
-0.356529 -0.181044
-0.346482 -0.205946
-0.335022 -0.230108
-0.322218 -0.253454
-0.308088 -0.275861
-0.292723 -0.297257
-0.276141 -0.317527
-0.258454 -0.336608
-0.239682 -0.354395
-0.219956 -0.370833
-0.199294 -0.38583
-0.177847 -0.399338
-0.155629 -0.411284
-0.13281 -0.421629
-0.109399 -0.430315
-0.0855825 -0.437314
-0.0613627 -0.442587
-0.0369428 -0.446118
-0.0123153 -0.447886
-0.0117988 0.431599
-0.0353936 0.429896
-0.0588035 0.426494
-0.0820448 0.421408
-0.104932 0.414649
-0.127471 0.406247
-0.149491 0.396222
-0.170989 0.384616
-0.191807 0.37146
-0.211939 0.356808
-0.231237 0.3407
-0.249691 0.323204
-0.267169 0.304367
-0.283658 0.284271
-0.29904 0.262971
-0.313301 0.24056
-0.326339 0.217101
-0.33814 0.192701
-0.348618 0.167426
-0.357761 0.141396
-0.3655 0.114682
-0.371826 0.0874129
-0.376688 0.0596648
-0.380079 0.0315748
-0.381969 0.00322124
-0.382355 -0.0252514
-0.381223 -0.0537639
-0.378579 -0.0821698
-0.374426 -0.110387
-0.368777 -0.13827
-0.361654 -0.165736
-0.353075 -0.192641
-0.343082 -0.218904
-0.331697 -0.244386
-0.318982 -0.269009
-0.304962 -0.29264
-0.28972 -0.315207
-0.273283 -0.336586
-0.255753 -0.356712
-0.237159 -0.375474
-0.217621 -0.392813
-0.197165 -0.408631
-0.175933 -0.422882
-0.153947 -0.435483
-0.131365 -0.446396
-0.108206 -0.455559
-0.0846439 -0.462943
-0.0606891 -0.468506
-0.0365336 -0.472231
-0.0121788 -0.474096
-0.0116832 0.454332
-0.0350477 0.452541
-0.058244 0.448965
-0.0812583 0.443617
-0.103931 0.436512
-0.126246 0.427678
-0.148052 0.41714
-0.169329 0.404937
-0.189935 0.391107
-0.209848 0.375702
-0.228938 0.358768
-0.24718 0.34037
-0.264455 0.320565
-0.280739 0.299431
-0.295926 0.277032
-0.309992 0.253461
-0.322847 0.228787
-0.334467 0.203117
-0.344777 0.176528
-0.353758 0.149136
-0.361349 0.121024
-0.367536 0.0923184
-0.372276 0.0631083
-0.375558 0.0335273
-0.377356 0.00366826
-0.377667 -0.0263298
-0.376482 -0.0563703
-0.373803 -0.0863085
-0.36964 -0.116049
-0.364 -0.145443
-0.356911 -0.174399
-0.348387 -0.202769
-0.338474 -0.230462
-0.327191 -0.257335
-0.314604 -0.283302
-0.300735 -0.308227
-0.285667 -0.332029
-0.269426 -0.35458
-0.252116 -0.37581
-0.233759 -0.395602
-0.214481 -0.413893
-0.194302 -0.430581
-0.173366 -0.445615
-0.151689 -0.458909
-0.129432 -0.470423
-0.106607 -0.48009
-0.0833919 -0.48788
-0.0597889 -0.49375
-0.0359939 -0.497679
-0.0119991 -0.499648
-0.0115531 0.474316
-0.0346567 0.472439
-0.0575745 0.468691
-0.0803254 0.463085
-0.102722 0.455638
-0.124773 0.446377
-0.146305 0.435329
-0.167319 0.422537
-0.187655 0.408037
-0.20731 0.391885
-0.226135 0.374129
-0.244124 0.354839
-0.261145 0.33407
-0.277187 0.31191
-0.292132 0.288421
-0.305972 0.263704
-0.318603 0.23783
-0.330016 0.210913
-0.340126 0.183029
-0.348926 0.154308
-0.356346 0.124831
-0.362383 0.0947372
-0.366986 0.0641121
-0.370155 0.0331062
-0.371855 0.00180672
-0.372093 -0.0296274
-0.370853 -0.0611084
-0.368145 -0.0924752
-0.363973 -0.123637
-0.358353 -0.154432
-0.351306 -0.18477
-0.342855 -0.214492
-0.333038 -0.243507
-0.321882 -0.271661
-0.309445 -0.298869
-0.295757 -0.324983
-0.280894 -0.349923
-0.264887 -0.373552
-0.247833 -0.395799
-0.229761 -0.416537
-0.210786 -0.435705
-0.190936 -0.453193
-0.170344 -0.468948
-0.149033 -0.48288
-0.127155 -0.494947
-0.104726 -0.505078
-0.0819143 -0.513243
-0.0587283 -0.519394
-0.0353515 -0.523513
-0.0117849 -0.525576
-0.0113737 0.496101
-0.0341192 0.49414
-0.0566974 0.490223
-0.0790948 0.484365
-0.101153 0.476584
-0.122855 0.466907
-0.144051 0.455364
-0.164722 0.441996
-0.184728 0.426846
-0.204047 0.409968
-0.222551 0.391415
-0.240215 0.371256
-0.256925 0.349554
-0.272657 0.326394
-0.287307 0.301846
-0.300854 0.276009
-0.313211 0.248963
-0.324356 0.220821
-0.334218 0.191669
-0.34278 0.161632
-0.349985 0.130804
-0.355822 0.0993207
-0.360249 0.0672804
-0.363263 0.0348291
-0.364836 0.00206905
-0.364973 -0.030848
-0.363663 -0.0638151
-0.360915 -0.0966738
-0.356736 -0.129318
-0.351141 -0.161587
-0.344154 -0.193377
-0.335796 -0.224527
-0.326109 -0.254936
-0.315116 -0.284448
-0.302878 -0.312968
-0.289422 -0.340344
-0.274826 -0.36649
-0.259118 -0.391264
-0.242395 -0.414589
-0.224683 -0.436333
-0.206099 -0.456431
-0.186665 -0.474769
-0.166515 -0.49129
-0.145667 -0.505899
-0.124273 -0.518553
-0.102344 -0.529177
-0.0800483 -0.537739
-0.0573871 -0.54419
-0.034546 -0.54851
-0.0115165 -0.550673
-0.0111727 0.514678
-0.0335154 0.512635
-0.0556722 0.508554
-0.0776645 0.502451
-0.0993034 0.494342
-0.120601 0.484258
-0.141383 0.472228
-0.161653 0.458298
-0.181251 0.442506
-0.200176 0.424916
-0.218281 0.405575
-0.235564 0.384562
-0.251891 0.361937
-0.267257 0.337793
-0.281547 0.312199
-0.294754 0.285265
-0.306778 0.257066
-0.317616 0.227728
-0.327182 0.197333
-0.335476 0.166022
-0.342431 0.133884
-0.348048 0.101069
-0.352278 0.0676723
-0.355127 0.0338566
-0.356562 -0.000281801
-0.356595 -0.0345709
-0.355211 -0.0689139
-0.352427 -0.103136
-0.348244 -0.137138
-0.342685 -0.170744
-0.33577 -0.203855
-0.327526 -0.236295
-0.31799 -0.267968
-0.307191 -0.298704
-0.295185 -0.32841
-0.282004 -0.356923
-0.267719 -0.384159
-0.252364 -0.409963
-0.236027 -0.434261
-0.218741 -0.456911
-0.200611 -0.477849
-0.181667 -0.496952
-0.162032 -0.514164
-0.141729 -0.529384
-0.120899 -0.542568
-0.0995574 -0.553636
-0.0778604 -0.562557
-0.0558165 -0.569278
-0.0335965 -0.573779
-0.0111999 -0.576033
-0.0109107 0.535133
-0.0327302 0.533009
-0.0543844 0.528768
-0.0758599 0.522425
-0.0969992 0.513999
-0.117787 0.50352
-0.138075 0.49102
-0.157846 0.476544
-0.17696 0.460136
-0.195398 0.441856
-0.213035 0.421761
-0.229847 0.399925
-0.245724 0.376416
-0.260643 0.351326
-0.274507 0.324729
-0.287296 0.296734
-0.298925 0.267426
-0.309381 0.236928
-0.318593 0.205331
-0.326551 0.172772
-0.333199 0.139351
-0.338536 0.105216
-0.34252 0.0704737
-0.345154 0.0352806
-0.346415 -0.000251371
-0.346312 -0.0359584
-0.344836 -0.0717235
-0.342003 -0.107375
-0.337819 -0.142798
-0.332305 -0.177818
-0.325485 -0.21232
-0.317383 -0.246131
-0.30804 -0.279142
-0.297483 -0.311181
-0.285767 -0.342146
-0.272925 -0.371871
-0.259027 -0.400265
-0.244104 -0.427168
-0.228245 -0.452501
-0.211478 -0.476119
-0.193909 -0.497951
-0.175563 -0.51787
-0.15656 -0.535819
-0.136921 -0.55169
-0.116782 -0.565438
-0.0961559 -0.576981
-0.0751951 -0.586285
-0.0539015 -0.593293
-0.032445 -0.597987
-0.0108162 -0.600337
-0.010619 0.551853
-0.0318541 0.549653
-0.0529037 0.54526
-0.0737925 0.538688
-0.0943307 0.529957
-0.114534 0.519099
-0.134226 0.506144
-0.153418 0.491142
-0.171946 0.474134
-0.189816 0.455187
-0.206881 0.434354
-0.223144 0.411717
-0.238473 0.387341
-0.252869 0.361327
-0.266217 0.333747
-0.278519 0.30472
-0.289676 0.274327
-0.299692 0.242703
-0.308486 0.209939
-0.316063 0.176181
-0.32236 0.141529
-0.327385 0.106144
-0.331093 0.0701297
-0.333497 0.0336588
-0.334566 -0.00316252
-0.33432 -0.0401505
-0.332745 -0.0771996
-0.329865 -0.114123
-0.325682 -0.150811
-0.320226 -0.187077
-0.313515 -0.222811
-0.305582 -0.257826
-0.296459 -0.292016
-0.286184 -0.325198
-0.274804 -0.357271
-0.262357 -0.38806
-0.248906 -0.417471
-0.234489 -0.445339
-0.219183 -0.471581
-0.203025 -0.496047
-0.186106 -0.518664
-0.168459 -0.539299
-0.15019 -0.557895
-0.131326 -0.574337
-0.111989 -0.588582
-0.092198 -0.600539
-0.0720894 -0.61018
-0.0516718 -0.617441
-0.0310983 -0.622305
-0.0103673 -0.62474
-0.0102524 0.570502
-0.0307555 0.568227
-0.0510962 0.563684
-0.0712615 0.556888
-0.0910965 0.547863
-0.110586 0.536636
-0.129586 0.523246
-0.148079 0.507738
-0.16593 0.49016
-0.183121 0.470575
-0.19953 0.449045
-0.215139 0.425649
-0.229838 0.400458
-0.243612 0.37357
-0.256366 0.345067
-0.268088 0.315062
-0.278696 0.283648
-0.288184 0.250953
-0.296485 0.217079
-0.303598 0.182169
-0.309472 0.146332
-0.314112 0.109724
-0.317483 0.0724604
-0.319595 0.0347089
-0.320428 -0.00341048
-0.319999 -0.0417224
-0.318303 -0.0801007
-0.315362 -0.118362
-0.311183 -0.156381
-0.305796 -0.193971
-0.299222 -0.23101
-0.291493 -0.26731
-0.282643 -0.302754
-0.272709 -0.337158
-0.261737 -0.370412
-0.249766 -0.402336
-0.236856 -0.432833
-0.223042 -0.461731
-0.208401 -0.488945
-0.192966 -0.514318
-0.176825 -0.537775
-0.160007 -0.559176
-0.142615 -0.578464
-0.124671 -0.595518
-0.106292 -0.610293
-0.0874911 -0.622697
-0.0684008 -0.632696
-0.049022 -0.640228
-0.029504 -0.645273
-0.00983591 -0.647799
-0.00984664 0.584814
-0.0295369 0.582471
-0.0490427 0.57779
-0.0683926 0.570791
-0.0873962 0.56149
-0.106073 0.549923
-0.124249 0.536121
-0.141937 0.520137
-0.158976 0.502014
-0.175378 0.481824
-0.190997 0.459622
-0.205842 0.435496
-0.219785 0.409514
-0.232834 0.381783
-0.244877 0.352381
-0.255925 0.321433
-0.265883 0.289028
-0.274764 0.255305
-0.282491 0.220364
-0.28908 0.184362
-0.294471 0.147402
-0.298684 0.109658
-0.301675 0.0712393
-0.303471 0.03233
-0.304042 -0.00695523
-0.303419 -0.0464228
-0.30159 -0.0859581
-0.298589 -0.125364
-0.294417 -0.164522
-0.289115 -0.203233
-0.282696 -0.24138
-0.275203 -0.278764
-0.266663 -0.31527
-0.257122 -0.350703
-0.246617 -0.384957
-0.235194 -0.41784
-0.222904 -0.449256
-0.20979 -0.479026
-0.195915 -0.507063
-0.181318 -0.533201
-0.166076 -0.557369
-0.150221 -0.579418
-0.133843 -0.59929
-0.116967 -0.61686
-0.0996942 -0.632084
-0.0820428 -0.644863
-0.0641268 -0.655168
-0.0459535 -0.662929
-0.0276519 -0.668128
-0.00921846 -0.67073
-0.00934999 0.601074
-0.0280483 0.598661
-0.0465887 0.593847
-0.0649581 0.586643
-0.0830055 0.577077
-0.100717 0.565179
-0.117952 0.550987
-0.134694 0.534549
-0.150814 0.515919
-0.166296 0.495161
-0.181024 0.47234
-0.194983 0.447539
-0.208071 0.420836
-0.220277 0.392332
-0.231513 0.362113
-0.241773 0.3303
-0.250985 0.296991
-0.259149 0.26232
-0.266208 0.226396
-0.272169 0.18937
-0.27699 0.151356
-0.280683 0.112521
-0.283221 0.0729861
-0.284626 0.0329292
-0.284881 -0.00752238
-0.284016 -0.0481828
-0.282026 -0.0889175
-0.278946 -0.129532
-0.274784 -0.169894
-0.269578 -0.209804
-0.263348 -0.249133
-0.256135 -0.287681
-0.247968 -0.325323
-0.23889 -0.361863
-0.228942 -0.397185
-0.218165 -0.431098
-0.206609 -0.463497
-0.194315 -0.494199
-0.181341 -0.523115
-0.167725 -0.550075
-0.153535 -0.575003
-0.138804 -0.597746
-0.12361 -0.618246
-0.107978 -0.636371
-0.0919992 -0.652077
-0.075686 -0.66526
-0.0591449 -0.67589
-0.0423749 -0.683896
-0.0254979 -0.689259
-0.00850054 -0.691944
-0.00880269 0.612308
-0.026405 0.60984
-0.0438239 0.604908
-0.0610934 0.597533
-0.0780224 0.587732
-0.0946368 0.575542
-0.110761 0.560996
-0.126417 0.544149
-0.141444 0.525047
-0.155861 0.503762
-0.169525 0.480356
-0.182455 0.454919
-0.194524 0.427525
-0.205753 0.398284
-0.216033 0.36728
-0.225387 0.334642
-0.233726 0.300466
-0.241074 0.264899
-0.247361 0.228046
-0.252615 0.190069
-0.256784 0.151083
-0.259901 0.111264
-0.261929 0.0707333
-0.262906 0.0296803
-0.262809 -0.0117703
-0.261683 -0.053418
-0.259516 -0.0951389
-0.256357 -0.136728
-0.252207 -0.178058
-0.247118 -0.218921
-0.241101 -0.259191
-0.23421 -0.29866
-0.226464 -0.337206
-0.217919 -0.374623
-0.208602 -0.410797
-0.198565 -0.445527
-0.187846 -0.478712
-0.176493 -0.510159
-0.164551 -0.539779
-0.152064 -0.567395
-0.139084 -0.592931
-0.125648 -0.616229
-0.111818 -0.63723
-0.097622 -0.655797
-0.0831315 -0.671888
-0.0683636 -0.685393
-0.0534018 -0.696285
-0.0382516 -0.704487
-0.0230101 -0.709983
-0.00767118 -0.712734
-0.00814641 0.625477
-0.0244377 0.622947
-0.0405774 0.617899
-0.0565517 0.610347
-0.0722152 0.600319
-0.087554 0.587845
-0.102433 0.57297
-0.116838 0.55574
-0.130646 0.536212
-0.143845 0.514453
-0.156324 0.490532
-0.168077 0.464534
-0.179008 0.436542
-0.189115 0.40666
-0.19832 0.374981
-0.206625 0.341627
-0.21397 0.306703
-0.220365 0.270349
-0.225764 0.232678
-0.230185 0.193848
-0.233597 0.15398
-0.236026 0.113248
-0.237453 0.0717775
-0.237913 0.0297559
-0.237398 -0.0126837
-0.235951 -0.0553463
-0.233573 -0.0980906
-0.23031 -0.140713
-0.226174 -0.183074
-0.221214 -0.224964
-0.215448 -0.266247
-0.208927 -0.306714
-0.201676 -0.346235
-0.193747 -0.384601
-0.185168 -0.421691
-0.175989 -0.457304
-0.166245 -0.49133
-0.15598 -0.523577
-0.145235 -0.55395
-0.134049 -0.582269
-0.122466 -0.608456
-0.11052 -0.632349
-0.0982621 -0.653887
-0.0857144 -0.67293
-0.0729379 -0.689434
-0.0599433 -0.703286
-0.0468021 -0.714457
-0.0335114 -0.722869
-0.0201559 -0.728505
-0.00671988 -0.731326
-0.00742531 0.632834
-0.0222726 0.630264
-0.0369377 0.625128
-0.0514614 0.617446
-0.065652 0.607235
-0.0795426 0.594535
-0.0929588 0.579377
-0.10593 0.561821
-0.118298 0.541912
-0.130092 0.51973
-0.141172 0.495334
-0.151567 0.468821
-0.161159 0.440268
-0.169977 0.409788
-0.177924 0.377471
-0.185032 0.343451
-0.191224 0.307827
-0.196539 0.270751
-0.200915 0.232334
-0.2044 0.192744
-0.206947 0.152101
-0.20861 0.110588
-0.209359 0.0683317
-0.209251 0.0255278
-0.208268 -0.0176903
-0.206473 -0.0611184
-0.203859 -0.104624
-0.200491 -0.147996
-0.196372 -0.1911
-0.191566 -0.233722
-0.186084 -0.275728
-0.17999 -0.316902
-0.1733 -0.357116
-0.166074 -0.396156
-0.158332 -0.433903
-0.150132 -0.470146
-0.141495 -0.504779
-0.132474 -0.537601
-0.123091 -0.56852
-0.113394 -0.597348
-0.103407 -0.624009
-0.0931695 -0.648334
-0.0827101 -0.670262
-0.0720562 -0.68965
-0.0612434 -0.706453
-0.0502867 -0.720556
-0.0392294 -0.731931
-0.0280742 -0.740496
-0.0168763 -0.746236
-0.00562654 -0.749109
-0.00657563 0.642076
-0.0197262 0.639453
-0.0327338 0.634223
-0.0455824 0.626398
-0.0581327 0.616011
-0.0703707 0.603091
-0.0821685 0.587684
-0.0935141 0.569838
-0.104293 0.549614
-0.114498 0.527078
-0.124029 0.502305
-0.132886 0.47538
-0.140987 0.44639
-0.148338 0.415441
-0.154874 0.382631
-0.160612 0.348086
-0.165502 0.311913
-0.169571 0.274258
-0.172785 0.235239
-0.175179 0.195017
-0.176736 0.153719
-0.177499 0.111522
-0.177463 0.0685595
-0.176678 0.0250227
-0.175149 -0.0189504
-0.172934 -0.0631575
-0.170042 -0.107452
-0.166537 -0.151624
-0.162433 -0.195527
-0.157793 -0.238946
-0.152635 -0.28174
-0.147023 -0.32369
-0.140974 -0.364663
-0.134551 -0.404442
-0.127769 -0.442901
-0.120687 -0.479831
-0.113319 -0.515119
-0.105717 -0.548563
-0.0978949 -0.580067
-0.0898954 -0.609441
-0.0817328 -0.636607
-0.0734396 -0.661392
-0.0650312 -0.683738
-0.0565288 -0.703493
-0.0479514 -0.720618
-0.0393076 -0.73499
-0.0306236 -0.746583
-0.0218935 -0.75531
-0.013154 -0.761159
-0.00438586 -0.764085
-0.00564249 0.644616
-0.0169234 0.641975
-0.0280235 0.636693
-0.0389923 0.62879
-0.0496369 0.618283
-0.0599995 0.605213
-0.0699062 0.589613
-0.0793964 0.571544
-0.0883156 0.551055
-0.0967035 0.528225
-0.104426 0.50312
-0.111526 0.475836
-0.117892 0.446453
-0.12357 0.41509
-0.128472 0.381837
-0.13265 0.346831
-0.136039 0.310177
-0.138696 0.272029
-0.140576 0.232503
-0.141743 0.191769
-0.14217 0.149953
-0.141928 0.10724
-0.141002 0.0637654
-0.139468 0.0197242
-0.137324 -0.0247411
-0.134648 -0.0694263
-0.131447 -0.114191
-0.127799 -0.158822
-0.123714 -0.203179
-0.119272 -0.247043
-0.114484 -0.290275
-0.109426 -0.332655
-0.104107 -0.374049
-0.0985996 -0.414238
-0.0929088 -0.453099
-0.0870998 -0.490415
-0.081174 -0.526077
-0.0751885 -0.559876
-0.0691395 -0.591718
-0.0630747 -0.621409
-0.0569861 -0.648871
-0.0509107 -0.673927
-0.044838 -0.696519
-0.0387929 -0.716491
-0.0327654 -0.733806
-0.026767 -0.748336
-0.0207904 -0.760058
-0.014833 -0.768883
-0.00889597 -0.774798
-0.00296631 -0.777759
-0.00456233 0.64895
-0.0136918 0.646266
-0.0226825 0.640921
-0.031517 0.632924
-0.0400646 0.62231
-0.0483128 0.609106
-0.0561432 0.593363
-0.0635479 0.575128
-0.0704228 0.554464
-0.0767675 0.531439
-0.082495 0.506128
-0.0876148 0.47862
-0.092058 0.449004
-0.0958458 0.417388
-0.0989283 0.383872
-0.101339 0.348585
-0.103046 0.311637
-0.104095 0.273176
-0.104472 0.233323
-0.104232 0.192242
-0.103377 0.150062
-0.101972 0.106963
-0.100029 0.0630829
-0.0976204 0.0186143
-0.0947669 -0.0263018
-0.0915458 -0.0714583
-0.0879805 -0.116706
-0.0841504 -0.16183
-0.080079 -0.206682
-0.0758449 -0.251043
-0.0714683 -0.294767
-0.0670243 -0.337634
-0.0625271 -0.379503
-0.0580459 -0.420156
-0.0535869 -0.459463
-0.0492115 -0.49721
-0.0449166 -0.533282
-0.0407542 -0.567471
-0.0367113 -0.59968
-0.0328296 -0.629712
-0.0290872 -0.657489
-0.0255141 -0.682832
-0.0220814 -0.705684
-0.0188068 -0.725885
-0.0156575 -0.743399
-0.0126374 -0.758094
-0.0097145 -0.769952
-0.00687845 -0.778877
-0.00410481 -0.78486
-0.00136923 -0.787852
-0.00337197 0.645582
-0.0101074 0.642906
-0.0166659 0.637545
-0.0231052 0.629527
-0.0292309 0.618867
-0.0350945 0.605607
-0.0405228 0.589784
-0.0455662 0.571456
-0.0500747 0.550676
-0.0541008 0.527524
-0.0575199 0.502066
-0.0603893 0.474402
-0.0626111 0.444613
-0.0642499 0.412818
-0.065234 0.379111
-0.0656362 0.34363
-0.0654098 0.306482
-0.0646361 0.267822
-0.0632904 0.22777
-0.061462 0.186496
-0.0591443 0.14413
-0.0564332 0.100855
-0.0533355 0.0568127
-0.0499515 0.0121959
-0.0462968 -0.0328466
-0.0424726 -0.0781141
-0.0384997 -0.12346
-0.0344775 -0.168674
-0.0304261 -0.21361
-0.0264404 -0.258049
-0.0225356 -0.30185
-0.0187997 -0.344791
-0.0152388 -0.386735
-0.0119324 -0.427462
-0.00887444 -0.466845
-0.00613416 -0.504665
-0.00369174 -0.540812
-0.00160491 -0.575073
0.000160577 -0.607354
0.00155918 -0.637455
0.00263896 -0.6653
0.00336706 -0.690705
0.00380322 -0.713616
0.00392773 -0.73387
0.00380849 -0.751432
0.00343935 -0.766168
0.00289179 -0.77806
0.00217317 -0.787011
0.00135329 -0.793013
0.000450298 -0.796016
-0.00201709 0.643889
-0.0060496 0.641188
-0.00995265 0.635812
-0.0137034 0.627765
-0.0171819 0.617089
-0.0203748 0.603807
-0.023175 0.587974
-0.0255783 0.569633
-0.0274936 0.548854
-0.0289287 0.5257
-0.0298121 0.500253
-0.030166 0.4726
-0.0299405 0.442832
-0.0291734 0.411056
-0.0278371 0.377377
-0.0259853 0.341921
-0.0236115 0.304802
-0.0207843 0.266167
-0.0175163 0.226137
-0.0138886 0.184877
-0.00992914 0.142517
-0.005729 0.0992362
-0.00132677 0.0551726
0.00318009 0.0105188
0.00774772 -0.0345839
0.0122756 -0.079928
0.0167211 -0.125363
0.0209846 -0.170676
0.025029 -0.215716
0.0287596 -0.260266
0.0321497 -0.304177
0.0351126 -0.347231
0.0376359 -0.389285
0.0396435 -0.430121
0.0411404 -0.469608
0.0420628 -0.507531
0.0424353 -0.543774
0.0422073 -0.578127
0.041424 -0.610494
0.0400483 -0.640674
0.0381451 -0.668593
0.0356912 -0.694064
0.032769 -0.717034
0.0293688 -0.737339
0.0255864 -0.754945
0.0214261 -0.769715
0.0169911 -0.781636
0.0123 -0.790605
0.00745419 -0.79662
0.00248535 -0.799625
-0.000517129 0.633334
-0.00154673 0.630663
-0.00239614 0.625318
-0.00314004 0.617325
-0.00357632 0.606698
-0.00377073 0.593482
-0.00354934 0.577711
-0.0029769 0.559447
-0.00190868 0.538743
-0.000413489 0.515678
0.00162176 0.490321
0.00412041 0.462771
0.00716299 0.433111
0.0106626 0.401457
0.0146679 0.367908
0.0190808 0.332599
0.0239209 0.295638
0.029079 0.257179
0.0345499 0.217342
0.0402151 0.176294
0.0460501 0.134168
0.0519298 0.0911422
0.0578167 0.0473597
0.063583 0.00300871
0.0691851 -0.0417592
0.0744962 -0.0867512
0.0794727 -0.131818
0.0839934 -0.176754
0.088022 -0.221413
0.0914461 -0.265581
0.0942427 -0.309114
0.0963117 -0.351796
0.0976482 -0.393488
0.0981666 -0.433974
0.0978841 -0.473125
0.0967309 -0.510727
0.0947493 -0.546667
0.0918855 -0.580736
0.088208 -0.612837
0.0836791 -0.642773
0.078393 -0.670469
0.0723271 -0.695739
0.0655992 -0.718531
0.0582008 -0.738679
0.0502693 -0.756153
0.0418092 -0.770814
0.0329717 -0.782649
0.0237734 -0.791553
0.014371 -0.797528
0.00478845 -0.800515
0.00116885 0.624379
0.0035069 0.621714
0.0059639 0.616409
0.00857345 0.608468
0.0114407 0.597935
0.0145818 0.584831
0.0180901 0.569215
0.0219667 0.551126
0.0262863 0.530639
0.0310317 0.507815
0.0362544 0.482737
0.0419165 0.45549
0.0480433 0.426168
0.0545756 0.394876
0.0615119 0.361718
0.0687725 0.326819
0.0763305 0.290292
0.0840877 0.25228
0.0919961 0.212906
0.0999425 0.172327
0.107863 0.130674
0.115633 0.0881206
0.123181 0.0448032
0.130376 0.000907907
0.137144 -0.0434249
0.143357 -0.0879935
0.148943 -0.132649
0.153781 -0.177185
0.157814 -0.221451
0.160929 -0.265239
0.163088 -0.308399
0.164194 -0.35072
0.164233 -0.39206
0.163123 -0.432207
0.160882 -0.471029
0.157445 -0.508318
0.152861 -0.543956
0.147086 -0.577741
0.140202 -0.609574
0.132181 -0.63926
0.12314 -0.666723
0.113067 -0.69178
0.102109 -0.714379
0.0902708 -0.734354
0.0777238 -0.751679
0.0644859 -0.766209
0.0507484 -0.77794
0.0365408 -0.786761
0.0220633 -0.79268
0.00735403 -0.795636
0.00302963 0.605193
0.00909432 0.602588
0.0153458 0.597377
0.0216909 0.589583
0.0283411 0.579224
0.0352158 0.566342
0.0424899 0.550973
0.0500825 0.533178
0.0581307 0.51301
0.0665473 0.490548
0.0754288 0.465862
0.0846765 0.439047
0.0943459 0.410188
0.104324 0.3794
0.114627 0.346778
0.125126 0.312454
0.135804 0.276537
0.146517 0.239174
0.15722 0.200484
0.167757 0.160628
0.178061 0.119736
0.187974 0.0779784
0.197414 0.0354959
0.206221 -0.0075318
0.214312 -0.0509562
0.221532 -0.0945957
0.227805 -0.138302
0.232983 -0.181882
0.237009 -0.22519
0.23975 -0.268024
0.24117 -0.31024
0.241159 -0.351635
0.239708 -0.39207
0.236729 -0.431339
0.232248 -0.469314
0.226202 -0.505792
0.218654 -0.540658
0.209564 -0.573712
0.199035 -0.60486
0.187047 -0.63391
0.173746 -0.660788
0.15913 -0.685314
0.143382 -0.707438
0.126515 -0.726994
0.108748 -0.74396
0.0901036 -0.758191
0.0708295 -0.769685
0.0509585 -0.778329
0.030753 -0.784134
0.0102508 -0.787033
0.00511074 0.587627
0.0153318 0.585061
0.0256628 0.579958
0.0361491 0.572315
0.0468834 0.562184
0.0578849 0.549579
0.0692319 0.534566
0.0809222 0.51718
0.093011 0.497497
0.10547 0.475575
0.118324 0.451501
0.131518 0.425354
0.145043 0.397229
0.158814 0.367226
0.172792 0.335449
0.186862 0.302016
0.200954 0.267038
0.214933 0.230651
0.228704 0.192972
0.242112 0.154152
0.255046 0.114317
0.267342 0.0736279
0.27888 0.0322184
0.289493 -0.0097396
0.299062 -0.0521076
0.307426 -0.0946986
0.314479 -0.137367
0.320072 -0.179922
0.324118 -0.222217
0.326487 -0.264057
0.327124 -0.305296
0.32592 -0.345739
0.322857 -0.385244
0.317853 -0.423614
0.310933 -0.460721
0.30204 -0.496367
0.291247 -0.530437
0.278524 -0.56274
0.263992 -0.593178
0.247646 -0.621568
0.229655 -0.647833
0.210036 -0.671799
0.189005 -0.693417
0.166593 -0.712525
0.14306 -0.7291
0.118447 -0.743
0.0930514 -0.754225
0.0669198 -0.762663
0.0403724 -0.768329
0.0134579 -0.771157
0.00739938 0.558248
0.022205 0.555782
0.0372094 0.550851
0.0522994 0.543477
0.0676999 0.533679
0.0833134 0.521496
0.0993174 0.506966
0.115613 0.490147
0.132327 0.471094
0.149352 0.449881
0.16676 0.426578
0.184429 0.401279
0.202378 0.374064
0.220463 0.345044
0.238657 0.314312
0.256793 0.281992
0.274804 0.248189
0.292503 0.21304
0.309791 0.176659
0.326467 0.139196
0.342409 0.100774
0.357413 0.0615526
0.371343 0.0216621
0.383999 -0.0187295
0.395247 -0.0594847
0.404895 -0.100436
0.412825 -0.141443
0.418862 -0.182331
0.422914 -0.222958
0.424829 -0.263142
0.424553 -0.302746
0.421962 -0.341582
0.417044 -0.379517
0.409711 -0.416362
0.399996 -0.451994
0.387848 -0.486225
0.373353 -0.518945
0.356491 -0.549971
0.337408 -0.579208
0.316109 -0.606479
0.2928 -0.631714
0.267509 -0.654742
0.240497 -0.675518
0.21181 -0.693884
0.181761 -0.70982
0.150404 -0.723185
0.118099 -0.733985
0.0849041 -0.742103
0.0512097 -0.747559
0.0170709 -0.750281
0.00994674 0.530642
0.0298391 0.528257
0.0498366 0.523517
0.0699988 0.516416
0.0904078 0.50701
0.111087 0.495309
0.132101 0.481383
0.153441 0.465263
0.175141 0.447025
0.197158 0.426725
0.219487 0.404448
0.242044 0.380269
0.264784 0.354279
0.287584 0.326573
0.310354 0.297247
0.33294 0.266414
0.355214 0.234175
0.376991 0.200656
0.398116 0.165966
0.418383 0.130241
0.437618 0.0935978
0.455607 0.0561809
0.472169 0.0181141
0.487089 -0.0204504
0.500195 -0.0593808
0.511285 -0.0985122
0.520204 -0.137708
0.526772 -0.1768
0.530866 -0.215648
0.532333 -0.254084
0.531096 -0.291966
0.527037 -0.329122
0.520127 -0.365418
0.510289 -0.400677
0.497553 -0.434777
0.481879 -0.467541
0.463361 -0.498858
0.441998 -0.528558
0.417951 -0.556545
0.391251 -0.582653
0.362126 -0.606809
0.330634 -0.628855
0.297071 -0.648742
0.261509 -0.666321
0.22431 -0.681573
0.185553 -0.694361
0.145656 -0.704694
0.104697 -0.712456
0.0631396 -0.717674
0.0210483 -0.720275
0.0127434 0.489461
0.0382394 0.487229
0.0639542 0.482763
0.0897541 0.476085
0.115882 0.467216
0.142224 0.456191
0.16896 0.443048
0.195974 0.427842
0.223378 0.410626
0.251041 0.391472
0.279004 0.370445
0.307113 0.347633
0.335344 0.323114
0.363512 0.296987
0.391532 0.269341
0.41919 0.240287
0.446353 0.209923
0.47278 0.178371
0.498301 0.145735
0.522658 0.112147
0.54566 0.0777184
0.567042 0.0425896
0.586604 0.00687732
0.60409 -0.0292697
0.619306 -0.0657316
0.632012 -0.102362
0.642039 -0.139033
0.649176 -0.175595
0.65329 -0.211919
0.654208 -0.247849
0.651846 -0.283258
0.646075 -0.317983
0.636869 -0.351904
0.624145 -0.384853
0.607946 -0.416719
0.588236 -0.447338
0.565128 -0.476605
0.538634 -0.504363
0.508941 -0.530521
0.476102 -0.554926
0.44038 -0.577509
0.401859 -0.598122
0.360879 -0.61672
0.317542 -0.633162
0.272265 -0.647432
0.225152 -0.659398
0.176692 -0.669073
0.126983 -0.67634
0.0765666 -0.68123
0.0255248 -0.683664
0.0158393 0.450406
0.0475159 0.448303
0.0793004 0.444131
0.11127 0.43788
0.143501 0.429607
0.176022 0.419321
0.208884 0.407089
0.242072 0.392944
0.275595 0.376955
0.30939 0.359179
0.343414 0.33969
0.377552 0.318563
0.411703 0.295876
0.445702 0.271717
0.479394 0.246172
0.512568 0.21934
0.545025 0.191311
0.576515 0.162192
0.606807 0.132079
0.635628 0.101087
0.662727 0.0693179
0.687822 0.0368929
0.71066 0.00391881
0.730965 -0.0294781
0.748497 -0.06318
0.763001 -0.0970516
0.774267 -0.130971
0.782073 -0.164803
0.786251 -0.198419
0.786624 -0.231685
0.783086 -0.264472
0.775508 -0.296637
0.76385 -0.328059
0.748041 -0.358592
0.728116 -0.388122
0.704061 -0.416504
0.675993 -0.443635
0.643953 -0.469372
0.608142 -0.493627
0.568647 -0.51626
0.525759 -0.537203
0.479599 -0.556321
0.430547 -0.573568
0.378744 -0.588816
0.324658 -0.602048
0.268433 -0.613142
0.210623 -0.62211
0.151354 -0.628842
0.0912561 -0.633374
0.0304228 -0.635628
0.0192413 0.395921
0.0577369 0.394037
0.0964831 0.390271
0.135327 0.384639
0.174533 0.377163
0.213978 0.367875
0.253839 0.35681
0.293989 0.344017
0.334511 0.329547
0.375256 0.313463
0.41622 0.295827
0.457212 0.276714
0.498146 0.256194
0.538788 0.234354
0.578978 0.21127
0.618441 0.187038
0.656959 0.161739
0.694221 0.135477
0.729969 0.108337
0.763871 0.080429
0.795647 0.051844
0.824959 0.0226962
0.851525 -0.00691807
0.875019 -0.0368789
0.895172 -0.0670887
0.911689 -0.0974302
0.924334 -0.127796
0.932855 -0.15807
0.937066 -0.188138
0.936768 -0.217886
0.931847 -0.247202
0.922162 -0.275953
0.907673 -0.304039
0.888308 -0.331325
0.864113 -0.357715
0.835084 -0.383078
0.801357 -0.407323
0.762993 -0.430323
0.720222 -0.451999
0.673164 -0.472228
0.622145 -0.490946
0.567327 -0.508037
0.509136 -0.523457
0.447758 -0.537094
0.383719 -0.54893
0.317207 -0.558856
0.248846 -0.566884
0.178802 -0.57291
0.107792 -0.576972
0.035936 -0.578986
0.022982 0.344209
0.0689434 0.342518
0.11503 0.339175
0.161338 0.334165
0.207947 0.327543
0.254891 0.319319
0.302211 0.309552
0.349883 0.298275
0.397889 0.285549
0.446137 0.271425
0.49454 0.255966
0.542934 0.239237
0.591157 0.221303
0.63898 0.202237
0.68617 0.182108
0.732438 0.160995
0.777497 0.138969
0.821013 0.116115
0.862659 0.0925046
0.902075 0.0682276
0.938915 0.0433599
0.972813 0.0179946
1.00342 -0.0077882
1.0304 -0.0338917
1.05341 -0.0602254
1.07214 -0.0866878
1.08632 -0.113183
1.09566 -0.139611
1.09995 -0.165868
1.09898 -0.191862
1.09261 -0.217485
1.08071 -0.242628
1.0632 -0.267194
1.04005 -0.291073
1.01128 -0.314172
0.976915 -0.336382
0.937102 -0.357617
0.891935 -0.377768
0.841662 -0.396762
0.786447 -0.414493
0.726645 -0.430901
0.662472 -0.445887
0.594392 -0.459405
0.522652 -0.471362
0.447826 -0.481737
0.370163 -0.490438
0.290355 -0.497474
0.208618 -0.502752
0.125762 -0.506311
0.0419291 -0.50807
0.0271107 0.275318
0.0813542 0.273926
0.135897 0.271158
0.190571 0.267018
0.245665 0.261528
0.301058 0.25471
0.356913 0.246598
0.413103 0.237229
0.469672 0.226647
0.526447 0.214901
0.583362 0.202042
0.640185 0.18813
0.696747 0.173219
0.752749 0.157376
0.807938 0.140658
0.861955 0.123138
0.914479 0.104874
0.965108 0.0859417
1.01347 0.0664026
1.05915 0.0463332
1.10175 0.0257987
1.14084 0.00487781
1.17603 -0.01636
1.20693 -0.0378345
1.23316 -0.0594761
1.25436 -0.0812045
1.27022 -0.102941
1.28044 -0.124611
1.28477 -0.146122
1.28297 -0.167414
1.2749 -0.188394
1.2604 -0.208972
1.23942 -0.229075
1.2119 -0.248609
1.17789 -0.267503
1.13742 -0.285666
1.09067 -0.30303
1.03775 -0.319507
0.978945 -0.335037
0.914463 -0.349535
0.844696 -0.36295
0.769919 -0.375204
0.690641 -0.386259
0.607177 -0.39604
0.520156 -0.404528
0.429901 -0.41165
0.337167 -0.417411
0.242241 -0.421736
0.146016 -0.424655
0.0486845 -0.426089
0.0316087 0.210332
0.0948305 0.209224
0.158228 0.207046
0.2219 0.203783
0.28595 0.199478
0.350417 0.194145
0.415336 0.187824
0.480671 0.180549
0.546369 0.172361
0.612304 0.163303
0.678326 0.153418
0.744214 0.142752
0.809722 0.131351
0.874536 0.119263
0.938325 0.106533
1.0007 0.0932106
1.06127 0.0793397
1.11957 0.0649721
1.17518 0.0501514
1.22763 0.0349304
1.27644 0.0193543
1.32114 0.00347813
1.36129 -0.0126516
1.39643 -0.0289754
1.42615 -0.0454402
1.45005 -0.0619846
1.46776 -0.0785501
1.47896 -0.0950779
1.48337 -0.111493
1.48073 -0.127763
1.47086 -0.143802
1.45363 -0.159549
1.42894 -0.17494
1.39677 -0.189907
1.35716 -0.204393
1.31017 -0.218329
1.25598 -0.231657
1.19475 -0.244314
1.12679 -0.256246
1.05236 -0.267392
0.971879 -0.277707
0.885704 -0.287135
0.794376 -0.295639
0.698298 -0.303167
0.598138 -0.309695
0.494321 -0.315176
0.387647 -0.319605
0.278507 -0.322929
0.167867 -0.325171
0.0559785 -0.326264
0.0366271 0.127129
0.109935 0.126449
0.183597 0.125064
0.25747 0.122989
0.331831 0.120236
0.406613 0.11682
0.481929 0.112762
0.557675 0.108082
0.633825 0.102809
0.710195 0.0969696
0.786625 0.0905938
0.862834 0.0837147
0.938543 0.0763639
1.01338 0.0685763
1.08695 0.0603831
1.15881 0.0518204
1.2285 0.042919
1.2955 0.0337148
1.35931 0.0242382
1.41939 0.0145248
1.47522 0.00460545
1.52625 -0.00548382
1.57197 -0.0157102
1.61188 -0.0260382
1.64549 -0.0364359
1.67238 -0.0468663
1.69212 -0.057293
1.70435 -0.0676848
1.70877 -0.0779817
1.70509 -0.0881828
1.69312 -0.0982303
1.6727 -0.108083
1.64375 -0.117707
1.60624 -0.127057
1.56022 -0.136101
1.50578 -0.144797
1.44311 -0.153109
1.37242 -0.160999
1.29405 -0.168433
1.20833 -0.175376
1.1157 -0.1818
1.01661 -0.18767
0.911628 -0.192964
0.801273 -0.197652
0.686249 -0.201716
0.567102 -0.205134
0.444673 -0.207894
0.319483 -0.209982
0.192548 -0.211396
0.064227 -0.212141
0.0420389 0.0497735
0.126129 0.0495324
0.210452 0.0489555
0.295156 0.0480974
0.380362 0.0469648
0.466118 0.0455801
0.552453 0.0439559
0.639312 0.0421125
0.726601 0.0400649
0.814143 0.0378314
0.901712 0.0354252
0.989002 0.032862
1.07566 0.0301531
1.16127 0.0273108
1.24537 0.0243437
1.32744 0.0212621
1.40695 0.0180735
1.48332 0.0147869
1.55597 0.0114092
1.62428 0.00794923
1.68765 0.00441438
1.74549 0.000814116
1.79721 -0.00284316
1.84224 -0.00654634
1.88006 -0.0102851
1.91016 -0.0140466
1.9321 -0.0178199
1.94547 -0.021594
1.9499 -0.0253407
1.94515 -0.0290717
1.93094 -0.0327507
1.90713 -0.0363737
1.87363 -0.0399202
1.83042 -0.0433764
1.77755 -0.0467279
1.71515 -0.0499588
1.64342 -0.053053
1.56263 -0.055997
1.47313 -0.0587758
1.37533 -0.0613755
1.2697 -0.063784
1.15678 -0.0659894
1.0372 -0.0679791
0.911563 -0.0697443
0.780616 -0.071273
0.645062 -0.072562
0.505731 -0.0735979
0.363363 -0.0743875
0.218884 -0.0749139
0.0730226 -0.075234
