2.00000e-03 1.24447e-01 -4.78447e-07 2.23855e-02
2.53792e-03 1.24300e-01 -7.69509e-07 2.24816e-02
3.22052e-03 1.24113e-01 -1.23724e-06 2.26028e-02
4.08672e-03 1.23878e-01 -1.98849e-06 2.27553e-02
5.18589e-03 1.23580e-01 -3.19425e-06 2.29467e-02
6.58069e-03 1.23205e-01 -5.12787e-06 2.31863e-02
8.35064e-03 1.22734e-01 -8.22532e-06 2.34851e-02
1.05966e-02 1.22142e-01 -1.31803e-05 2.38561e-02
1.34467e-02 1.21402e-01 -2.10932e-05 2.43140e-02
1.70634e-02 1.20480e-01 -3.37026e-05 2.48747e-02
2.16527e-02 1.19336e-01 -5.37418e-05 2.55550e-02
2.74765e-02 1.17925e-01 -8.54818e-05 2.63702e-02
3.48666e-02 1.16199e-01 -1.35535e-04 2.73318e-02
4.42443e-02 1.14108e-01 -2.13956e-04 2.84433e-02
5.61443e-02 1.11602e-01 -3.35480e-04 2.96946e-02
7.12450e-02 1.08645e-01 -5.20063e-04 3.10550e-02
9.04071e-02 1.05213e-01 -7.90792e-04 3.24659e-02
1.14723e-01 1.01306e-01 -1.16779e-03 3.38354e-02
1.45579e-01 9.69510e-02 -1.65928e-03 3.50376e-02
1.84734e-01 9.21956e-02 -2.25306e-03 3.59209e-02
2.34420e-01 8.71058e-02 -2.91285e-03 3.63270e-02
2.97470e-01 8.17533e-02 -3.58213e-03 3.61175e-02
3.77478e-01 7.62160e-02 -4.19772e-03 3.52047e-02
4.79005e-01 7.05684e-02 -4.70172e-03 3.35760e-02
6.07839e-01 6.48856e-02 -5.05376e-03 3.13009e-02
7.71324e-01 5.92332e-02 -5.23367e-03 2.85196e-02
9.78780e-01 5.36869e-02 -5.24597e-03 2.54176e-02
1.24203e+00 4.82954e-02 -5.10663e-03 2.21910e-02
1.57609e+00 4.31537e-02 -4.85367e-03 1.90165e-02
2.00000e+00 3.83000e-02 -4.51766e-03 1.60314e-02
