0.0000000000 -10.4461102782
0.1000000000 -10.3651780595
0.2000000000 -10.1258827281
0.3000000000 -9.7383077663
0.4000000000 -9.2179538434
0.5000000000 -8.5840822958
0.6000000000 -7.8578917132
0.7000000000 -7.0608260857
0.8000000000 -6.2132196380
0.9000000000 -5.3333681814
1.0000000000 -4.4370181440
1.1000000000 -3.5372019570
1.2000000000 -2.6443232936
1.3000000000 -1.7663976091
1.4000000000 -0.9093705811
1.5000000000 -0.0774585139
1.6000000000 0.7265250458
1.7000000000 1.5008760329
1.8000000000 2.2447480491
1.9000000000 2.9579433686
2.0000000000 3.6407438049
2.1000000000 4.2937764967
2.2000000000 4.9179091827
2.3000000000 5.5141696777
2.4000000000 6.0836848461
2.5000000000 6.6276349098
2.6000000000 7.1472197766
2.7000000000 7.6436344927
2.8000000000 8.1180520068
2.9000000000 8.5716111265
3.0000000000 9.0054085935
3.1000000000 9.4204941182
3.2000000000 9.8178676872
3.3000000000 10.1984785042
3.4000000000 10.5632250328
3.5000000000 10.9129559170
3.6000000000 11.2484714660
3.7000000000 11.5705255124
3.8000000000 11.8798274915
3.9000000000 12.1770446566
4.0000000000 12.4628043408
4.1000000000 12.7376962525
4.2000000000 13.0022746614
4.3000000000 13.2570605718
4.4000000000 13.5025437870
4.5000000000 13.7391848860
4.6000000000 13.9674170839
4.7000000000 14.1876480095
4.8000000000 14.4002613394
4.9000000000 14.6056183329
5.0000000000 14.8040592595
5.1000000000 14.9959045827
5.2000000000 15.1814558702
5.3000000000 15.3609959555
5.4000000000 15.5347872451
5.5000000000 15.7030648842
5.6000000000 15.8660153384
5.7000000000 16.0237121819
5.8000000000 16.1759236991
5.9000000000 16.3215287729
6.0000000000 16.4567121089
6.1000000000 16.5692797688
6.2000000000 16.6204013648
6.3000000000 16.4848006433
6.4000000000 15.7509207437
