0.0000000000 -59.5375312263
0.1000000000 -58.7387174375
0.2000000000 -56.3915532003
0.3000000000 -52.6376839657
0.4000000000 -47.6939202867
0.5000000000 -41.7586402408
0.6000000000 -35.3385725521
0.7000000000 -28.5155689924
0.8000000000 -21.6394379805
0.9000000000 -14.9592659122
1.0000000000 -8.6884085086
1.1000000000 -3.0029798237
1.2000000000 1.9563422163
1.3000000000 6.0805557848
1.4000000000 9.2876742470
1.5000000000 11.5179533900
1.6000000000 12.7294450306
1.7000000000 12.8940850188
1.8000000000 11.9944307074
1.9000000000 10.0209908904
2.0000000000 6.9701358589
2.1000000000 2.8424392899
2.2000000000 -2.3585608077
2.3000000000 -8.6273204878
2.4000000000 -15.9569708416
2.5000000000 -24.3398525333
2.6000000000 -33.7678781608
2.7000000000 -44.2328187719
2.8000000000 -55.7264630861
2.9000000000 -68.2407807221
3.0000000000 -81.7679848789
3.1000000000 -96.3005983819
3.2000000000 -111.8314816183
3.3000000000 -128.3538503135
3.4000000000 -145.8612801265
3.5000000000 -164.3477030330
3.6000000000 -183.8074033910
3.7000000000 -204.2349929040
3.8000000000 -225.6254186852
3.9000000000 -247.9739161680
4.0000000000 -271.2760170389
4.1000000000 -295.5275311177
4.2000000000 -320.7245152109
4.3000000000 -346.8632712569
4.4000000000 -373.9403247166
4.5000000000 -401.9524102397
4.6000000000 -430.8964544611
4.7000000000 -460.7695867623
4.8000000000 -491.5690804715
4.9000000000 -523.2923881783
5.0000000000 -555.9371052622
5.1000000000 -589.5009545717
5.2000000000 -623.9817808353
5.3000000000 -659.3774956564
5.4000000000 -695.6859878467
5.5000000000 -732.9048588752
5.6000000000 -771.0306468614
5.7000000000 -810.0564982178
5.8000000000 -849.9650057309
5.9000000000 -890.7057474266
6.0000000000 -932.1233750431
6.1000000000 -973.7232656247
6.2000000000 -1013.8926238224
6.3000000000 -1047.2626468741
6.4000000000 -1055.6026687243
