0.0000000000 -0.0880970159
0.1000000000 -0.0903109116
0.2000000000 -0.0970414941
0.3000000000 -0.1078560842
0.4000000000 -0.1221525218
0.5000000000 -0.1391913300
0.6000000000 -0.1581589812
0.7000000000 -0.1782279093
0.8000000000 -0.1986133146
0.9000000000 -0.2186181237
1.0000000000 -0.2376620756
1.1000000000 -0.2552950192
1.2000000000 -0.2711965597
1.3000000000 -0.2851659303
1.4000000000 -0.2971057622
1.5000000000 -0.3070030837
1.6000000000 -0.3149100967
1.7000000000 -0.3209263334
1.8000000000 -0.3251831805
1.9000000000 -0.3278310679
2.0000000000 -0.3290294636
2.1000000000 -0.3289392598
2.2000000000 -0.3277174318
2.3000000000 -0.3255132880
2.4000000000 -0.3224662111
2.5000000000 -0.3187043797
2.6000000000 -0.3143441981
2.7000000000 -0.3094903481
2.8000000000 -0.3042360525
2.9000000000 -0.2986637157
3.0000000000 -0.2928455994
3.1000000000 -0.2868446341
3.2000000000 -0.2807152637
3.3000000000 -0.2745042774
3.4000000000 -0.2682516654
3.5000000000 -0.2619914157
3.6000000000 -0.2557522534
3.7000000000 -0.2495583326
3.8000000000 -0.2434298388
3.9000000000 -0.2373834853
4.0000000000 -0.2314330143
4.1000000000 -0.2255895069
4.2000000000 -0.2198617463
4.3000000000 -0.2142564768
4.4000000000 -0.2087787064
4.5000000000 -0.2034319146
4.6000000000 -0.1982183089
4.7000000000 -0.1931390980
4.8000000000 -0.1881946653
4.9000000000 -0.1833848068
5.0000000000 -0.1787087782
5.1000000000 -0.1741654277
5.2000000000 -0.1697531433
5.3000000000 -0.1654698751
5.4000000000 -0.1613131491
5.5000000000 -0.1572802640
5.6000000000 -0.1533685232
5.7000000000 -0.1495755342
5.8000000000 -0.1458988694
5.9000000000 -0.1423334820
6.0000000000 -0.1388624975
6.1000000000 -0.1354284421
6.2000000000 -0.1318441280
6.3000000000 -0.1275025234
6.4000000000 -0.1203749004
