0.0000000000 5.0944814702
0.1000000000 5.0746825750
0.2000000000 5.0162593480
0.3000000000 4.9220325711
0.4000000000 4.7963091051
0.5000000000 4.6444052656
0.6000000000 4.4721149586
0.7000000000 4.2852240713
0.8000000000 4.0891290579
0.9000000000 3.8885844524
1.0000000000 3.6875743555
1.1000000000 3.4892846479
1.2000000000 3.2961457536
1.3000000000 3.1099172825
1.4000000000 2.9317915469
1.5000000000 2.7624997387
1.6000000000 2.6024109076
1.7000000000 2.4516185869
1.8000000000 2.3100134260
1.9000000000 2.1773420448
2.0000000000 2.0532533461
2.1000000000 1.9373342516
2.2000000000 1.8291365989
2.3000000000 1.7281970078
2.4000000000 1.6340511971
2.5000000000 1.5462440263
2.6000000000 1.4643363020
2.7000000000 1.3879091386
2.8000000000 1.3165665333
2.9000000000 1.2499366447
3.0000000000 1.1876720816
3.1000000000 1.1294496743
3.2000000000 1.0749696301
3.3000000000 1.0239545389
3.4000000000 0.9761481518
3.5000000000 0.9313140914
3.6000000000 0.8892344854
3.7000000000 0.8497086796
3.8000000000 0.8125519311
3.9000000000 0.7775941841
4.0000000000 0.7446788958
4.1000000000 0.7136619744
4.2000000000 0.6844107051
4.3000000000 0.6568028653
4.4000000000 0.6307258048
4.5000000000 0.6060756843
4.6000000000 0.5827567053
4.7000000000 0.5606804434
4.8000000000 0.5397652453
4.9000000000 0.5199356537
5.0000000000 0.5011218618
5.1000000000 0.4832592964
5.2000000000 0.4662881353
5.3000000000 0.4501529202
5.4000000000 0.4348021559
5.5000000000 0.4201878337
5.6000000000 0.4062647858
5.7000000000 0.3929892630
5.8000000000 0.3803151551
5.9000000000 0.3681828829
6.0000000000 0.3564845715
6.1000000000 0.3449520884
6.2000000000 0.3327897763
6.3000000000 0.3174469750
6.4000000000 0.2904417213
