0.0000000000 -3.5834009144
0.1000000000 -3.5790477345
0.2000000000 -3.5653845249
0.3000000000 -3.5406511884
0.4000000000 -3.5020723076
0.5000000000 -3.4460640205
0.6000000000 -3.3684721927
0.7000000000 -3.2648090182
0.8000000000 -3.1304626806
0.9000000000 -2.9608651801
1.0000000000 -2.7516145140
1.1000000000 -2.4985542469
1.2000000000 -2.1978180606
1.3000000000 -1.8458480446
1.4000000000 -1.4393948264
1.5000000000 -0.9755064050
1.6000000000 -0.4515106128
1.7000000000 0.1350053573
1.8000000000 0.7862161035
1.9000000000 1.5040785217
2.0000000000 2.2903512586
2.1000000000 3.1466126103
2.2000000000 4.0742767853
2.3000000000 5.0746087921
2.4000000000 6.1487379104
2.5000000000 7.2976700404
2.6000000000 8.5222988163
2.7000000000 9.8234157705
2.8000000000 11.2017197012
2.9000000000 12.6578252054
3.0000000000 14.1922704493
3.1000000000 15.8055243267
3.2000000000 17.4979928863
3.3000000000 19.2700255808
3.4000000000 21.1219204627
3.5000000000 23.0539292904
3.6000000000 25.0662620584
3.7000000000 27.1590912201
3.8000000000 29.3325554306
3.9000000000 31.5867629858
4.0000000000 33.9217949392
4.1000000000 36.3377080063
4.2000000000 38.8345372556
4.3000000000 41.4122981576
4.4000000000 44.0709889093
4.5000000000 46.8105924385
4.6000000000 49.6310779926
4.7000000000 52.5324026716
4.8000000000 55.5145128852
4.9000000000 58.5773454615
5.0000000000 61.7208284945
5.1000000000 64.9448812238
5.2000000000 68.2494122787
5.3000000000 71.6343138472
5.4000000000 75.0994432959
5.5000000000 78.6445721136
5.6000000000 82.2692421048
5.7000000000 85.9723570813
5.8000000000 89.7510032296
5.9000000000 93.5969940761
6.0000000000 97.4865850720
6.1000000000 101.3493842770
6.2000000000 104.9729588837
6.3000000000 107.7059077558
6.4000000000 107.5209615906
