0.0000000000 -16.1299303091
0.1000000000 -16.0038743041
0.2000000000 -15.6322902916
0.3000000000 -15.0340922837
0.4000000000 -14.2380297824
0.5000000000 -13.2685405555
0.6000000000 -12.1966187582
0.7000000000 -11.0268804734
0.8000000000 -9.8050063499
0.9000000000 -8.5610756335
1.0000000000 -7.3198650402
1.1000000000 -6.1007988623
1.2000000000 -4.9183436618
1.3000000000 -3.7826516078
1.4000000000 -2.7002979513
1.5000000000 -1.6750192611
1.6000000000 -0.7083618405
1.7000000000 0.1997457659
1.8000000000 1.0505335010
1.9000000000 1.8460282903
2.0000000000 2.5887659979
2.1000000000 3.2815839564
2.2000000000 3.9274610670
2.3000000000 4.5294126803
2.4000000000 5.0904034528
2.5000000000 5.6133003159
2.6000000000 6.1008413899
2.7000000000 6.5556137321
2.8000000000 6.9800408448
2.9000000000 7.3763867215
3.0000000000 7.7467508360
3.1000000000 8.0930815228
3.2000000000 8.4171697370
3.3000000000 8.7206791298
3.4000000000 9.0051299154
3.5000000000 9.2719306830
3.6000000000 9.5223689625
3.7000000000 9.7576338755
3.8000000000 9.9788176283
3.9000000000 10.1869250000
4.0000000000 10.3828760833
4.1000000000 10.5675247964
4.2000000000 10.7416523420
4.3000000000 10.9059801406
4.4000000000 11.0611713954
4.5000000000 11.2078383309
4.6000000000 11.3465485069
4.7000000000 11.4778226794
4.8000000000 11.6021445900
4.9000000000 11.7199589722
5.0000000000 11.8316803441
5.1000000000 11.9376893739
5.2000000000 12.0383431708
5.3000000000 12.1339689683
5.4000000000 12.2248724465
5.5000000000 12.3113297746
5.6000000000 12.3935985677
5.7000000000 12.4718830167
5.8000000000 12.5462914086
5.9000000000 12.6166305193
6.0000000000 12.6817406841
6.1000000000 12.7372209363
6.2000000000 12.7674875585
6.3000000000 12.7178344964
6.4000000000 12.3944176638
