0.0000000000 0.7965480204
0.1000000000 0.7849200260
0.2000000000 0.7499328393
0.3000000000 0.6929268495
0.4000000000 0.6158844607
0.5000000000 0.5214383522
0.6000000000 0.4128264725
0.7000000000 0.2938097532
0.8000000000 0.1685654466
0.9000000000 0.0415725649
1.0000000000 -0.0824961855
1.1000000000 -0.1988675347
1.2000000000 -0.3027437688
1.3000000000 -0.3893643894
1.4000000000 -0.4540573007
1.5000000000 -0.4922824931
1.6000000000 -0.4996693671
1.7000000000 -0.4720465402
1.8000000000 -0.4054625596
1.9000000000 -0.2961959915
2.0000000000 -0.1407550657
2.1000000000 0.0641309747
2.2000000000 0.3215251640
2.3000000000 0.6342965294
2.4000000000 1.0051304996
2.5000000000 1.4365342511
2.6000000000 1.9308374159
2.7000000000 2.4901909045
2.8000000000 3.1165680138
2.9000000000 3.8117717340
3.0000000000 4.5774505232
3.1000000000 5.4151218350
3.2000000000 6.3261995616
3.3000000000 7.3120186520
3.4000000000 8.3738498002
3.5000000000 9.5128986861
3.6000000000 10.7302897221
3.7000000000 12.0270397545
3.8000000000 13.4040341913
3.9000000000 14.8620204706
4.0000000000 16.4016323407
4.1000000000 18.0234474609
4.2000000000 19.7280646165
4.3000000000 21.5161689905
4.4000000000 23.3885407593
4.5000000000 25.3459693137
4.6000000000 27.3890714097
4.7000000000 29.5180770664
4.8000000000 31.7327155388
4.9000000000 34.0323278444
5.0000000000 36.4160572515
5.1000000000 38.8820877857
5.2000000000 41.4228160792
5.3000000000 44.0084725712
5.4000000000 46.5436120286
5.5000000000 48.7664846859
5.6000000000 50.0371296454
5.7000000000 48.9209241973
5.8000000000 42.4129980800
5.9000000000 24.5550948465
6.0000000000 -15.9439377276
6.1000000000 -99.6800330176
6.2000000000 -263.0184396754
6.3000000000 -568.4048886276
6.4000000000 -1120.5935459868
