1.0000e-12 -2.7725e+00
1.3530e-12 -2.7725e+00
1.8307e-12 -2.7725e+00
2.4771e-12 -2.7725e+00
3.3516e-12 -2.7725e+00
4.5349e-12 -2.7725e+00
6.1359e-12 -2.7725e+00
8.3022e-12 -2.7725e+00
1.1233e-11 -2.7725e+00
1.5199e-11 -2.7725e+00
2.0565e-11 -2.7725e+00
2.7826e-11 -2.7725e+00
3.7649e-11 -2.7725e+00
5.0941e-11 -2.7725e+00
6.8926e-11 -2.7725e+00
9.3260e-11 -2.7725e+00
1.2619e-10 -2.7725e+00
1.7074e-10 -2.7725e+00
2.3101e-10 -2.7725e+00
3.1257e-10 -2.7725e+00
4.2292e-10 -2.7725e+00
5.7224e-10 -2.7725e+00
7.7426e-10 -2.7725e+00
1.0476e-09 -2.7725e+00
1.4175e-09 -2.7725e+00
1.9179e-09 -2.7725e+00
2.5950e-09 -2.7725e+00
3.5112e-09 -2.7725e+00
4.7508e-09 -2.7725e+00
6.4281e-09 -2.7725e+00
8.6975e-09 -2.7725e+00
1.1768e-08 -2.7725e+00
1.5923e-08 -2.7725e+00
2.1544e-08 -2.7725e+00
2.9151e-08 -2.7725e+00
3.9442e-08 -2.7725e+00
5.3367e-08 -2.7725e+00
7.2208e-08 -2.7725e+00
9.7701e-08 -2.7725e+00
1.3219e-07 -2.7725e+00
1.7886e-07 -2.7725e+00
2.4201e-07 -2.7725e+00
3.2745e-07 3.0539e+06
4.4306e-07 -2.7725e+00
5.9948e-07 -2.7725e+00
8.1113e-07 -2.7724e+00
1.0975e-06 -2.7724e+00
1.4850e-06 -2.7724e+00
2.0092e-06 -2.7724e+00
2.7186e-06 -2.7724e+00
3.6784e-06 2.7186e+05
4.9770e-06 -2.7723e+00
6.7342e-06 1.4850e+05
9.1116e-06 1.0975e+05
1.2328e-05 8.1111e+04
1.6681e-05 5.9947e+04
2.2570e-05 4.4304e+04
3.0539e-05 3.2744e+04
4.1320e-05 2.4200e+04
5.5908e-05 1.7885e+04
7.5646e-05 1.3218e+04
1.0235e-04 9.7683e+03
1.3849e-04 7.2190e+03
1.8738e-04 5.3349e+03
2.5354e-04 3.9424e+03
3.4305e-04 2.9133e+03
4.6416e-04 2.1527e+03
6.2803e-04 1.5905e+03
8.4975e-04 1.1750e+03
1.1498e-03 8.6799e+02
1.5557e-03 6.4105e+02
2.1049e-03 4.7332e+02
2.8480e-03 3.4937e+02
3.8535e-03 2.5775e+02
5.2140e-03 1.9005e+02
7.0548e-03 1.4001e+02
9.5455e-03 1.0304e+02
1.2915e-02 7.5718e+01
1.7475e-02 5.5533e+01
2.3645e-02 4.0624e+01
3.1993e-02 2.9616e+01
4.3288e-02 2.1493e+01
5.8570e-02 1.5506e+01
7.9248e-02 1.1101e+01
1.0723e-01 7.8674e+00
1.4508e-01 5.5037e+00
1.9630e-01 3.7864e+00
2.6561e-01 2.5499e+00
3.5938e-01 1.6712e+00
4.8626e-01 1.0584e+00
6.5793e-01 6.4199e-01
8.9022e-01 3.6897e-01
1.2045e+00 1.9827e-01
1.6298e+00 9.8014e-02
2.2051e+00 4.3700e-02
2.9836e+00 1.7153e-02
4.0370e+00 5.7549e-03
5.4623e+00 1.5921e-03
7.3907e+00 3.4756e-04
1.0000e+01 5.6744e-05
