0.0000e+00 0.0000e+00 0.0000e+00 8.3144e-02 -0.0000e+00
5.0000e-03 4.1856e-03 4.1722e-03 8.3144e-02 8.4052e-06
1.0000e-02 8.3711e-03 8.3443e-03 8.3144e-02 1.6810e-05
1.5000e-02 1.2557e-02 1.2516e-02 8.3144e-02 2.5211e-05
2.0000e-02 1.6742e-02 1.6688e-02 8.3144e-02 3.3606e-05
2.5000e-02 2.0926e-02 2.0859e-02 8.3144e-02 4.1980e-05
3.0000e-02 2.5109e-02 2.5029e-02 8.3144e-02 5.1145e-05
3.5000e-02 2.9289e-02 2.9196e-02 8.3144e-02 6.1330e-05
4.0000e-02 3.3469e-02 3.3362e-02 8.3144e-02 7.1548e-05
4.5000e-02 3.7649e-02 3.7529e-02 8.3144e-02 8.1839e-05
5.0000e-02 4.1829e-02 4.1695e-02 8.3144e-02 9.2234e-05
5.5000e-02 4.6009e-02 4.5861e-02 8.3144e-02 1.0276e-04
6.0000e-02 5.0188e-02 5.0027e-02 8.3144e-02 1.1345e-04
6.5000e-02 5.4367e-02 5.4193e-02 8.3144e-02 1.2434e-04
7.0000e-02 5.8547e-02 5.8359e-02 8.3144e-02 1.3546e-04
7.5000e-02 6.2726e-02 6.2525e-02 8.3144e-02 1.4689e-04
8.0000e-02 6.6908e-02 6.6693e-02 8.3144e-02 1.5812e-04
8.5000e-02 7.1098e-02 7.0870e-02 8.3144e-02 1.6794e-04
9.0000e-02 7.5289e-02 7.5048e-02 8.3144e-02 1.7830e-04
9.5000e-02 7.9480e-02 7.9225e-02 8.3144e-02 1.8914e-04
1.0000e-01 8.3672e-02 8.3404e-02 8.3144e-02 2.0042e-04
1.0500e-01 8.7863e-02 8.7582e-02 8.3144e-02 2.1212e-04
1.1000e-01 9.2055e-02 9.1760e-02 8.3144e-02 2.2423e-04
1.1500e-01 9.6247e-02 9.5939e-02 8.3144e-02 2.3674e-04
1.2000e-01 1.0044e-01 1.0012e-01 8.3144e-02 2.4963e-04
1.2500e-01 1.0463e-01 1.0429e-01 8.3144e-02 2.6291e-04
1.3000e-01 1.0882e-01 1.0847e-01 8.3144e-02 2.7656e-04
1.3500e-01 1.1301e-01 1.1265e-01 8.3144e-02 2.9059e-04
1.4000e-01 1.1720e-01 1.1682e-01 8.3144e-02 3.0500e-04
1.4500e-01 1.2139e-01 1.2100e-01 8.3144e-02 3.1980e-04
1.5000e-01 1.2557e-01 1.2517e-01 8.3144e-02 3.3502e-04
1.5500e-01 1.2976e-01 1.2935e-01 8.3144e-02 3.5070e-04
1.6000e-01 1.3395e-01 1.3352e-01 8.3144e-02 3.6694e-04
1.6500e-01 1.3814e-01 1.3770e-01 8.3144e-02 3.8426e-04
1.7000e-01 1.4235e-01 1.4189e-01 8.3144e-02 4.0158e-04
1.7500e-01 1.4656e-01 1.4609e-01 8.3144e-02 4.2007e-04
1.8000e-01 1.5077e-01 1.5028e-01 8.3144e-02 4.3955e-04
1.8500e-01 1.5498e-01 1.5448e-01 8.3144e-02 4.5991e-04
1.9000e-01 1.5918e-01 1.5867e-01 8.3144e-02 4.8106e-04
1.9500e-01 1.6339e-01 1.6287e-01 8.3144e-02 5.0290e-04
2.0000e-01 1.6760e-01 1.6706e-01 8.3144e-02 5.2537e-04
2.0500e-01 1.7181e-01 1.7126e-01 8.3144e-02 5.4840e-04
2.1000e-01 1.7601e-01 1.7545e-01 8.3144e-02 5.7193e-04
2.1500e-01 1.8021e-01 1.7963e-01 8.3144e-02 5.9592e-04
2.2000e-01 1.8441e-01 1.8382e-01 8.3144e-02 6.2034e-04
2.2500e-01 1.8861e-01 1.8800e-01 8.3144e-02 6.4527e-04
2.3000e-01 1.9280e-01 1.9218e-01 8.3144e-02 6.7089e-04
2.3500e-01 1.9702e-01 1.9639e-01 8.3144e-02 6.9956e-04
2.4000e-01 2.0127e-01 2.0062e-01 8.3144e-02 7.3133e-04
2.4500e-01 2.0551e-01 2.0485e-01 8.3144e-02 7.6481e-04
2.5000e-01 2.0975e-01 2.0908e-01 8.3144e-02 7.9956e-04
2.5500e-01 2.1399e-01 2.1330e-01 8.3144e-02 8.3525e-04
2.6000e-01 2.1823e-01 2.1753e-01 8.3144e-02 8.7156e-04
2.6500e-01 2.2246e-01 2.2174e-01 8.3144e-02 9.0819e-04
2.7000e-01 2.2668e-01 2.2595e-01 8.3144e-02 9.4487e-04
2.7500e-01 2.3090e-01 2.3016e-01 8.3144e-02 9.8138e-04
2.8000e-01 2.3511e-01 2.3436e-01 8.3144e-02 1.0176e-03
2.8500e-01 2.3932e-01 2.3855e-01 8.3144e-02 1.0539e-03
2.9000e-01 2.4359e-01 2.4281e-01 8.3144e-02 1.1031e-03
2.9500e-01 2.4788e-01 2.4709e-01 8.3144e-02 1.1577e-03
3.0000e-01 2.5217e-01 2.5137e-01 8.3144e-02 1.2138e-03
3.0500e-01 2.5645e-01 2.5563e-01 8.3144e-02 1.2704e-03
3.1000e-01 2.6073e-01 2.5989e-01 8.3144e-02 1.3266e-03
3.1500e-01 2.6499e-01 2.6414e-01 8.3144e-02 1.3814e-03
3.2000e-01 2.6923e-01 2.6837e-01 8.3144e-02 1.4342e-03
3.2500e-01 2.7346e-01 2.7258e-01 8.3144e-02 1.4843e-03
3.3000e-01 2.7770e-01 2.7681e-01 8.3144e-02 1.5384e-03
3.3500e-01 2.8206e-01 2.8116e-01 8.3144e-02 1.6232e-03
3.4000e-01 2.8641e-01 2.8549e-01 8.3144e-02 1.7095e-03
3.4500e-01 2.9075e-01 2.8982e-01 8.3144e-02 1.7944e-03
3.5000e-01 2.9506e-01 2.9412e-01 8.3144e-02 1.8758e-03
3.5500e-01 2.9935e-01 2.9839e-01 8.3144e-02 1.9516e-03
3.6000e-01 3.0361e-01 3.0264e-01 8.3144e-02 2.0202e-03
3.6500e-01 3.0790e-01 3.0691e-01 8.3144e-02 2.0990e-03
3.7000e-01 3.1234e-01 3.1134e-01 8.3144e-02 2.2231e-03
3.7500e-01 3.1676e-01 3.1574e-01 8.3144e-02 2.3446e-03
3.8000e-01 3.2114e-01 3.2011e-01 8.3144e-02 2.4586e-03
3.8500e-01 3.2547e-01 3.2443e-01 8.3144e-02 2.5613e-03
3.9000e-01 3.2975e-01 3.2869e-01 8.3144e-02 2.6497e-03
3.9500e-01 3.3422e-01 3.3315e-01 8.3144e-02 2.7956e-03
4.0000e-01 3.3872e-01 3.3764e-01 8.3144e-02 2.9579e-03
4.0500e-01 3.4317e-01 3.4207e-01 8.3144e-02 3.1087e-03
4.1000e-01 3.4756e-01 3.4644e-01 8.3144e-02 3.2429e-03
4.1500e-01 3.5199e-01 3.5086e-01 8.3144e-02 3.3930e-03
4.2000e-01 3.5658e-01 3.5544e-01 8.3144e-02 3.5941e-03
4.2500e-01 3.6111e-01 3.5995e-01 8.3144e-02 3.7883e-03
4.3000e-01 3.6558e-01 3.6440e-01 8.3144e-02 3.9743e-03
4.3500e-01 3.7020e-01 3.6902e-01 8.3144e-02 4.1947e-03
4.4000e-01 3.7484e-01 3.7364e-01 8.3144e-02 4.4396e-03
4.4500e-01 3.7949e-01 3.7827e-01 8.3144e-02 4.7126e-03
4.5000e-01 3.8419e-01 3.8296e-01 8.3144e-02 4.9664e-03
4.5500e-01 3.8902e-01 3.8777e-01 8.3144e-02 5.3267e-03
4.6000e-01 3.9379e-01 3.9253e-01 8.3144e-02 5.6259e-03
4.6500e-01 3.9887e-01 3.9759e-01 8.3144e-02 6.1074e-03
4.7000e-01 4.0382e-01 4.0252e-01 8.3144e-02 6.4980e-03
4.7500e-01 4.0900e-01 4.0768e-01 8.3144e-02 7.0105e-03
4.8000e-01 4.1440e-01 4.1307e-01 8.3144e-02 7.6406e-03
4.8500e-01 4.2011e-01 4.1876e-01 8.3144e-02 8.4212e-03
4.9000e-01 4.2610e-01 4.2473e-01 8.3144e-02 9.3400e-03
4.9500e-01 4.3272e-01 4.3133e-01 8.3144e-02 1.0577e-02
5.0000e-01 4.4122e-01 4.4051e-01 8.3144e-02 1.2748e-02
