1.0000e-08 8.8623e-01
1.2328e-08 8.8623e-01
1.5199e-08 8.8623e-01
1.8738e-08 8.8623e-01
2.3101e-08 8.8623e-01
2.8480e-08 8.8623e-01
3.5112e-08 8.8623e-01
4.3288e-08 8.8623e-01
5.3367e-08 8.8623e-01
6.5793e-08 8.8623e-01
8.1113e-08 8.8623e-01
1.0000e-07 8.8623e-01
1.2328e-07 8.8622e-01
1.5199e-07 8.8622e-01
1.8738e-07 8.8622e-01
2.3101e-07 8.8622e-01
2.8480e-07 8.8622e-01
3.5112e-07 8.8622e-01
4.3288e-07 8.8622e-01
5.3367e-07 8.8622e-01
6.5793e-07 8.8622e-01
8.1113e-07 8.8622e-01
1.0000e-06 8.8621e-01
1.2328e-06 8.8621e-01
1.5199e-06 8.8621e-01
1.8738e-06 8.8620e-01
2.3101e-06 8.8620e-01
2.8480e-06 8.8619e-01
3.5112e-06 8.8618e-01
4.3288e-06 8.8617e-01
5.3367e-06 8.8616e-01
6.5793e-06 8.8615e-01
8.1113e-06 8.8613e-01
1.0000e-05 8.8611e-01
1.2328e-05 8.8609e-01
1.5199e-05 8.8606e-01
1.8738e-05 8.8602e-01
2.3101e-05 8.8598e-01
2.8480e-05 8.8593e-01
3.5112e-05 8.8586e-01
4.3288e-05 8.8579e-01
5.3367e-05 8.8569e-01
6.5793e-05 8.8558e-01
8.1113e-05 8.8545e-01
1.0000e-04 8.8529e-01
1.2328e-04 8.8510e-01
1.5199e-04 8.8487e-01
1.8738e-04 8.8459e-01
2.3101e-04 8.8426e-01
2.8480e-04 8.8386e-01
3.5112e-04 8.8339e-01
4.3288e-04 8.8282e-01
5.3367e-04 8.8213e-01
6.5793e-04 8.8132e-01
8.1113e-04 8.8034e-01
1.0000e-03 8.7918e-01
1.2328e-03 8.7780e-01
1.5199e-03 8.7616e-01
1.8738e-03 8.7421e-01
2.3101e-03 8.7189e-01
2.8480e-03 8.6914e-01
3.5112e-03 8.6590e-01
4.3288e-03 8.6207e-01
5.3367e-03 8.5756e-01
6.5793e-03 8.5225e-01
8.1113e-03 8.4603e-01
1.0000e-02 8.3875e-01
1.2328e-02 8.3025e-01
1.5199e-02 8.2035e-01
1.8738e-02 8.0888e-01
2.3101e-02 7.9562e-01
2.8480e-02 7.8036e-01
3.5112e-02 7.6286e-01
4.3288e-02 7.4290e-01
5.3367e-02 7.2026e-01
6.5793e-02 6.9472e-01
8.1113e-02 6.6612e-01
1.0000e-01 6.3432e-01
1.2328e-01 5.9927e-01
1.5199e-01 5.6101e-01
1.8738e-01 5.1968e-01
2.3101e-01 4.7559e-01
2.8480e-01 4.2921e-01
3.5112e-01 3.8118e-01
4.3288e-01 3.3233e-01
5.3367e-01 2.8365e-01
6.5793e-01 2.3626e-01
8.1113e-01 1.9134e-01
1.0000e+00 1.5005e-01
1.2328e+00 1.1338e-01
1.5199e+00 8.2108e-02
1.8738e+00 5.6620e-02
2.3101e+00 3.6910e-02
2.8480e+00 2.2556e-02
3.5112e+00 1.2797e-02
4.3288e+00 6.6669e-03
5.3367e+00 3.1487e-03
6.5793e+00 1.3286e-03
8.1113e+00 4.9245e-04
1.0000e+01 1.5727e-04
