1.0000e-08 5.0000e-01
1.2328e-08 5.0000e-01
1.5199e-08 5.0000e-01
1.8738e-08 5.0000e-01
2.3101e-08 5.0000e-01
2.8480e-08 5.0000e-01
3.5112e-08 5.0000e-01
4.3288e-08 5.0000e-01
5.3367e-08 5.0000e-01
6.5793e-08 5.0000e-01
8.1113e-08 5.0000e-01
1.0000e-07 5.0000e-01
1.2328e-07 5.0000e-01
1.5199e-07 5.0000e-01
1.8738e-07 5.0000e-01
2.3101e-07 5.0000e-01
2.8480e-07 5.0000e-01
3.5112e-07 5.0000e-01
4.3288e-07 5.0000e-01
5.3367e-07 5.0000e-01
6.5793e-07 5.0000e-01
8.1113e-07 5.0000e-01
1.0000e-06 5.0000e-01
1.2328e-06 5.0000e-01
1.5199e-06 5.0000e-01
1.8738e-06 5.0000e-01
2.3101e-06 5.0000e-01
2.8480e-06 5.0000e-01
3.5112e-06 5.0000e-01
4.3288e-06 5.0000e-01
5.3367e-06 5.0000e-01
6.5793e-06 4.9999e-01
8.1113e-06 4.9999e-01
1.0000e-05 4.9999e-01
1.2328e-05 4.9999e-01
1.5199e-05 4.9999e-01
1.8738e-05 4.9998e-01
2.3101e-05 4.9998e-01
2.8480e-05 4.9997e-01
3.5112e-05 4.9997e-01
4.3288e-05 4.9996e-01
5.3367e-05 4.9995e-01
6.5793e-05 4.9994e-01
8.1113e-05 4.9993e-01
1.0000e-04 4.9991e-01
1.2328e-04 4.9989e-01
1.5199e-04 4.9987e-01
1.8738e-04 4.9983e-01
2.3101e-04 4.9980e-01
2.8480e-04 4.9975e-01
3.5112e-04 4.9969e-01
4.3288e-04 4.9962e-01
5.3367e-04 4.9953e-01
6.5793e-04 4.9942e-01
8.1113e-04 4.9928e-01
1.0000e-03 4.9912e-01
1.2328e-03 4.9891e-01
1.5199e-03 4.9866e-01
1.8738e-03 4.9835e-01
2.3101e-03 4.9797e-01
2.8480e-03 4.9750e-01
3.5112e-03 4.9693e-01
4.3288e-03 4.9622e-01
5.3367e-03 4.9535e-01
6.5793e-03 4.9429e-01
8.1113e-03 4.9299e-01
1.0000e-02 4.9140e-01
1.2328e-02 4.8946e-01
1.5199e-02 4.8709e-01
1.8738e-02 4.8421e-01
2.3101e-02 4.8071e-01
2.8480e-02 4.7647e-01
3.5112e-02 4.7135e-01
4.3288e-02 4.6520e-01
5.3367e-02 4.5782e-01
6.5793e-02 4.4904e-01
8.1113e-02 4.3861e-01
1.0000e-01 4.2634e-01
1.2328e-01 4.1199e-01
1.5199e-01 3.9534e-01
1.8738e-01 3.7624e-01
2.3101e-01 3.5455e-01
2.8480e-01 3.3025e-01
3.5112e-01 3.0343e-01
4.3288e-01 2.7433e-01
5.3367e-01 2.4338e-01
6.5793e-01 2.1119e-01
8.1113e-01 1.7860e-01
1.0000e+00 1.4656e-01
1.2328e+00 1.1614e-01
1.5199e+00 8.8374e-02
1.8738e+00 6.4155e-02
2.3101e+00 4.4106e-02
2.8480e+00 2.8472e-02
3.5112e+00 1.7091e-02
4.3288e+00 9.4332e-03
5.3367e+00 4.7263e-03
6.5793e+00 2.1181e-03
8.1113e+00 8.3474e-04
1.0000e+01 2.8372e-04
