1.0000e-15 3.3662e+01
1.4508e-15 3.3298e+01
2.1049e-15 3.2933e+01
3.0539e-15 3.2561e+01
4.4306e-15 3.2187e+01
6.4281e-15 3.1813e+01
9.3260e-15 3.1440e+01
1.3530e-14 3.1068e+01
1.9630e-14 3.0696e+01
2.8480e-14 3.0324e+01
4.1320e-14 2.9952e+01
5.9948e-14 2.9579e+01
8.6975e-14 2.9207e+01
1.2619e-13 2.8835e+01
1.8307e-13 2.8463e+01
2.6561e-13 2.8091e+01
3.8535e-13 2.7719e+01
5.5908e-13 2.7347e+01
8.1113e-13 2.6975e+01
1.1768e-12 2.6602e+01
1.7074e-12 2.6230e+01
2.4771e-12 2.5858e+01
3.5938e-12 2.5486e+01
5.2140e-12 2.5114e+01
7.5646e-12 2.4742e+01
1.0975e-11 2.4370e+01
1.5923e-11 2.3997e+01
2.3101e-11 2.3625e+01
3.3516e-11 2.3253e+01
4.8626e-11 2.2881e+01
7.0548e-11 2.2509e+01
1.0235e-10 2.2137e+01
1.4850e-10 2.1765e+01
2.1544e-10 2.1392e+01
3.1257e-10 2.1020e+01
4.5349e-10 2.0648e+01
6.5793e-10 2.0276e+01
9.5455e-10 1.9904e+01
1.3849e-09 1.9532e+01
2.0092e-09 1.9160e+01
2.9151e-09 1.8788e+01
4.2292e-09 1.8415e+01
6.1359e-09 1.8043e+01
8.9022e-09 1.7671e+01
1.2915e-08 1.7299e+01
1.8738e-08 1.6927e+01
2.7186e-08 1.6555e+01
3.9442e-08 1.6183e+01
5.7224e-08 1.5810e+01
8.3022e-08 1.5438e+01
1.2045e-07 1.5066e+01
1.7475e-07 1.4694e+01
2.5354e-07 1.4322e+01
3.6784e-07 1.3950e+01
5.3367e-07 1.3578e+01
7.7426e-07 1.3206e+01
1.1233e-06 1.2833e+01
1.6298e-06 1.2461e+01
2.3645e-06 1.2089e+01
3.4305e-06 1.1717e+01
4.9770e-06 1.1345e+01
7.2208e-06 1.0973e+01
1.0476e-05 1.0601e+01
1.5199e-05 1.0228e+01
2.2051e-05 9.8564e+00
3.1993e-05 9.4842e+00
4.6416e-05 9.1121e+00
6.7342e-05 8.7400e+00
9.7701e-05 8.3679e+00
1.4175e-04 7.9959e+00
2.0565e-04 7.6239e+00
2.9836e-04 7.2519e+00
4.3288e-04 6.8800e+00
6.2803e-04 6.5082e+00
9.1116e-04 6.1366e+00
1.3219e-03 5.7652e+00
1.9179e-03 5.3941e+00
2.7826e-03 5.0235e+00
4.0370e-03 4.6535e+00
5.8570e-03 4.2846e+00
8.4975e-03 3.9170e+00
1.2328e-02 3.5515e+00
1.7886e-02 3.1888e+00
2.5950e-02 2.8301e+00
3.7649e-02 2.4772e+00
5.4623e-02 2.1322e+00
7.9248e-02 1.7982e+00
1.1498e-01 1.4789e+00
1.6681e-01 1.1792e+00
2.4201e-01 9.0459e-01
3.5112e-01 6.6117e-01
5.0941e-01 4.5470e-01
7.3907e-01 2.8953e-01
1.0723e+00 1.6720e-01
1.5557e+00 8.5269e-02
2.2570e+00 3.7110e-02
3.2745e+00 1.3190e-02
4.7508e+00 3.6189e-03
6.8926e+00 7.1290e-04
1.0000e+01 9.1890e-05
