1.0000e-05 9.9999e+09
1.1498e-05 7.5646e+09
1.3219e-05 5.6964e+09
1.5199e-05 4.3333e+09
1.7475e-05 3.2731e+09
2.0092e-05 2.4770e+09
2.3101e-05 1.8741e+09
2.6561e-05 1.4175e+09
3.0539e-05 1.0723e+09
3.5112e-05 8.1113e+08
4.0370e-05 6.1359e+08
4.6416e-05 4.6422e+08
5.3367e-05 3.5115e+08
6.1359e-05 2.6561e+08
7.0548e-05 2.0092e+08
8.1113e-05 1.5199e+08
9.3260e-05 1.1498e+08
1.0723e-04 8.6975e+07
1.2328e-04 6.5793e+07
1.4175e-04 4.9770e+07
1.6298e-04 3.7649e+07
1.8738e-04 2.8480e+07
2.1544e-04 2.1544e+07
2.4771e-04 1.6298e+07
2.8480e-04 1.2328e+07
3.2745e-04 9.3260e+06
3.7649e-04 7.0548e+06
4.3288e-04 5.3367e+06
4.9770e-04 4.0370e+06
5.7224e-04 3.0538e+06
6.5793e-04 2.3101e+06
7.5646e-04 1.7475e+06
8.6975e-04 1.3219e+06
1.0000e-03 9.9999e+05
1.1498e-03 7.5646e+05
1.3219e-03 5.7223e+05
1.5199e-03 4.3287e+05
1.7475e-03 3.2745e+05
2.0092e-03 2.4770e+05
2.3101e-03 1.8738e+05
2.6561e-03 1.4174e+05
3.0539e-03 1.0722e+05
3.5112e-03 8.1108e+04
4.0370e-03 6.1354e+04
4.6416e-03 4.6411e+04
5.3367e-03 3.5107e+04
6.1359e-03 2.6556e+04
7.0548e-03 2.0088e+04
8.1113e-03 1.5195e+04
9.3260e-03 1.1493e+04
1.0723e-02 8.6933e+03
1.2328e-02 6.5753e+03
1.4175e-02 4.9731e+03
1.6298e-02 3.7612e+03
1.8738e-02 2.8444e+03
2.1544e-02 2.1509e+03
2.4771e-02 1.6264e+03
2.8480e-02 1.2296e+03
3.2745e-02 9.2951e+02
3.7649e-02 7.0252e+02
4.3288e-02 5.3085e+02
4.9770e-02 4.0101e+02
5.7224e-02 3.0283e+02
6.5793e-02 2.2858e+02
7.5646e-02 1.7245e+02
8.6975e-02 1.3002e+02
1.0000e-01 9.7954e+01
1.1498e-01 7.3725e+01
1.3219e-01 5.5425e+01
1.5199e-01 4.1609e+01
1.7475e-01 3.1185e+01
2.0092e-01 2.3325e+01
2.3101e-01 1.7405e+01
2.6561e-01 1.2950e+01
3.0539e-01 9.6034e+00
3.5112e-01 7.0936e+00
4.0370e-01 5.2156e+00
4.6416e-01 3.8142e+00
5.3367e-01 2.7721e+00
6.1359e-01 2.0002e+00
7.0548e-01 1.4314e+00
8.1113e-01 1.0147e+00
9.3260e-01 7.1158e-01
1.0723e+00 4.9293e-01
1.2328e+00 3.3676e-01
1.4175e+00 2.2650e-01
1.6298e+00 1.4968e-01
1.8738e+00 9.6976e-02
2.1544e+00 6.1459e-02
2.4771e+00 3.8001e-02
2.8480e+00 2.2860e-02
3.2745e+00 1.3338e-02
3.7649e+00 7.5232e-03
4.3288e+00 4.0871e-03
4.9770e+00 2.1301e-03
5.7224e+00 1.0603e-03
6.5793e+00 5.0172e-04
7.5646e+00 2.2450e-04
8.6975e+00 9.4450e-05
1.0000e+01 3.7128e-05
