0.01 9.9507e-01 0.0423636
0.01585 9.9498e-01 0.0648581
0.02512 9.9494e-01 0.0988109
0.03981 9.9517e-01 0.148208
0.0631 9.9516e-01 0.215986
0.1 9.9515e-01 0.304458
0.1585 9.949e-01 0.409134
0.2512 9.951e-01 0.524954
0.3981 9.951e-01 0.64116
0.631 9.950e-01 0.749726
1 9.951e-01 0.842488
1.585 9.951e-01 0.918746
2.512 9.951e-01 0.978702
3.981 9.951e-01 1.0258
6.31 9.951e-01 1.061
10 9.950e-01 1.08626
15.85 9.950e-01 1.10118
25.15 9.950e-01 1.11294
39.81 9.950e-01 1.12072
63.1 9.950e-01 1.1264
100 9.950e-01 1.12966
1e10 9.950e-01 1.1361
