0.00000e+00 7.92345e-01 5.05684e-01
1.00000e-01 7.80662e-01 5.08960e-01
2.00000e-01 7.45188e-01 5.24718e-01
3.00000e-01 6.86560e-01 5.42901e-01
4.00000e-01 6.11192e-01 5.63429e-01
5.00000e-01 5.16550e-01 5.85625e-01
6.00000e-01 4.08059e-01 6.06105e-01
7.00000e-01 2.90073e-01 6.24049e-01
8.00000e-01 1.65232e-01 6.36657e-01
9.00000e-01 3.94820e-02 6.43209e-01
1.00000e+00 -8.42452e-02 6.40966e-01
1.10000e+00 -2.00652e-01 6.29788e-01
1.20000e+00 -3.03921e-01 6.08262e-01
1.30000e+00 -3.90416e-01 5.77290e-01
1.40000e+00 -4.53552e-01 5.36078e-01
1.50000e+00 -4.91959e-01 4.87050e-01
1.60000e+00 -4.99021e-01 4.28972e-01
1.70000e+00 -4.70834e-01 3.63616e-01
1.80000e+00 -4.04793e-01 2.91451e-01
1.90000e+00 -2.94370e-01 2.13290e-01
2.00000e+00 -1.38284e-01 1.30293e-01
2.10000e+00 6.67322e-02 4.30671e-02
2.20000e+00 3.23398e-01 -4.76097e-02
2.30000e+00 6.37888e-01 -1.40927e-01
2.40000e+00 1.00897e+00 -2.36423e-01
2.50000e+00 1.43909e+00 -3.33147e-01
2.60000e+00 1.93579e+00 -4.31094e-01
2.70000e+00 2.49320e+00 -5.29055e-01
2.80000e+00 3.12276e+00 -6.27940e-01
2.90000e+00 3.81522e+00 -7.25747e-01
3.00000e+00 4.58306e+00 -8.23356e-01
3.10000e+00 5.42018e+00 -9.20161e-01
3.20000e+00 6.33046e+00 -1.01564e+00
3.30000e+00 7.31894e+00 -1.11041e+00
3.40000e+00 8.37917e+00 -1.20348e+00
3.50000e+00 9.51955e+00 -1.29508e+00
3.60000e+00 1.07362e+01 -1.38499e+00
3.70000e+00 1.20310e+01 -1.47344e+00
3.80000e+00 1.34110e+01 -1.56046e+00
3.90000e+00 1.48715e+01 -1.64575e+00
4.00000e+00 1.64098e+01 -1.72859e+00
4.10000e+00 1.80251e+01 -1.80902e+00
4.20000e+00 1.97219e+01 -1.88763e+00
4.30000e+00 2.15253e+01 -1.96697e+00
4.40000e+00 2.33973e+01 -2.04265e+00
4.50000e+00 2.53482e+01 -2.11622e+00
4.60000e+00 2.73919e+01 -2.18860e+00
4.70000e+00 2.95206e+01 -2.25935e+00
4.80000e+00 3.17331e+01 -2.32816e+00
4.90000e+00 3.40237e+01 -2.39493e+00
5.00000e+00 3.64275e+01 -2.46229e+00
5.10000e+00 3.88995e+01 -2.52811e+00
5.20000e+00 4.14672e+01 -2.59467e+00
5.30000e+00 4.41529e+01 -2.66605e+00
5.40000e+00 4.70506e+01 -2.75037e+00
