0.00000e+00 3.82365e-01 7.64742e-01 -1.91181e-01 0.00000e+00 0.00000e+00 0.00000e+00
1.00000e-01 3.72215e-01 7.47663e-01 -1.87700e-01 -5.06065e-03 -7.45200e-03 1.19779e-03
2.00000e-01 3.41888e-01 6.96520e-01 -1.77288e-01 -2.02844e-02 -2.97485e-02 4.74840e-03
3.00000e-01 2.91520e-01 6.12243e-01 -1.60141e-01 -4.58035e-02 -6.66995e-02 1.05404e-02
4.00000e-01 2.21548e-01 4.95956e-01 -1.36478e-01 -8.18293e-02 -1.17957e-01 1.83930e-02
5.00000e-01 1.32364e-01 3.49724e-01 -1.06663e-01 -1.28657e-01 -1.82990e-01 2.80567e-02
6.00000e-01 2.45425e-02 1.76135e-01 -7.11060e-02 -1.86648e-01 -2.60991e-01 3.92601e-02
7.00000e-01 -1.01256e-01 -2.10952e-02 -3.03011e-02 -2.56212e-01 -3.50910e-01 5.16985e-02
8.00000e-01 -2.44317e-01 -2.37307e-01 1.52597e-02 -3.37826e-01 -4.51259e-01 6.50414e-02
9.00000e-01 -4.03752e-01 -4.66660e-01 6.50111e-02 -4.31956e-01 -5.60137e-01 7.90158e-02
1.00000e+00 -5.78627e-01 -7.02010e-01 1.18444e-01 -5.39074e-01 -6.75270e-01 9.33214e-02
1.10000e+00 -7.67752e-01 -9.35023e-01 1.75039e-01 -6.59706e-01 -7.93880e-01 1.07727e-01
1.20000e+00 -9.70058e-01 -1.15578e+00 2.34196e-01 -7.94254e-01 -9.12640e-01 1.22008e-01
1.30000e+00 -1.18395e+00 -1.35303e+00 2.95483e-01 -9.43118e-01 -1.02758e+00 1.36013e-01
1.40000e+00 -1.40788e+00 -1.51431e+00 3.58313e-01 -1.10669e+00 -1.13478e+00 1.49609e-01
1.50000e+00 -1.64008e+00 -1.62602e+00 4.22284e-01 -1.28534e+00 -1.22924e+00 1.62718e-01
1.60000e+00 -1.87876e+00 -1.67342e+00 4.86784e-01 -1.47928e+00 -1.30580e+00 1.75246e-01
1.70000e+00 -2.12172e+00 -1.64034e+00 5.51337e-01 -1.68878e+00 -1.35903e+00 1.87195e-01
1.80000e+00 -2.36696e+00 -1.50975e+00 6.15357e-01 -1.91403e+00 -1.38314e+00 1.98511e-01
1.90000e+00 -2.61173e+00 -1.26451e+00 6.78386e-01 -2.15516e+00 -1.37175e+00 2.09161e-01
2.00000e+00 -2.85431e+00 -8.86027e-01 7.39608e-01 -2.41241e+00 -1.31853e+00 2.19156e-01
2.10000e+00 -3.09094e+00 -3.55268e-01 7.98500e-01 -2.68573e+00 -1.21700e+00 2.28476e-01
2.20000e+00 -3.32023e+00 3.47064e-01 8.54239e-01 -2.97531e+00 -1.06033e+00 2.37087e-01
2.30000e+00 -3.53856e+00 1.24085e+00 9.06345e-01 -3.28125e+00 -8.41425e-01 2.44944e-01
2.40000e+00 -3.74282e+00 2.34636e+00 9.53788e-01 -3.60348e+00 -5.53494e-01 2.52012e-01
2.50000e+00 -3.93076e+00 3.68375e+00 9.95806e-01 -3.94191e+00 -1.89204e-01 2.58325e-01
2.60000e+00 -4.09894e+00 5.27364e+00 1.03163e+00 -4.29693e+00 2.58554e-01 2.63620e-01
2.70000e+00 -4.24435e+00 7.13736e+00 1.06028e+00 -4.66795e+00 7.97018e-01 2.68020e-01
2.80000e+00 -4.36368e+00 9.29568e+00 1.08081e+00 -5.05562e+00 1.43323e+00 2.71267e-01
2.90000e+00 -4.45373e+00 1.17684e+01 1.09229e+00 -5.45952e+00 2.17461e+00 2.73221e-01
3.00000e+00 -4.51108e+00 1.45775e+01 1.09375e+00 -5.87947e+00 3.02847e+00 2.73937e-01
3.10000e+00 -4.53303e+00 1.77426e+01 1.08422e+00 -6.31595e+00 4.00204e+00 2.73075e-01
3.20000e+00 -4.51583e+00 2.12869e+01 1.06242e+00 -6.76827e+00 5.10284e+00 2.70599e-01
3.30000e+00 -4.45606e+00 2.52284e+01 1.02762e+00 -7.23684e+00 6.33733e+00 2.66234e-01
3.40000e+00 -4.35057e+00 2.95880e+01 9.78539e-01 -7.72142e+00 7.71244e+00 2.59889e-01
3.50000e+00 -4.19492e+00 3.43885e+01 9.14078e-01 -8.22194e+00 9.23681e+00 2.51323e-01
3.60000e+00 -3.98699e+00 3.96495e+01 8.33215e-01 -8.73839e+00 1.09154e+01 2.40238e-01
3.70000e+00 -3.72224e+00 4.53925e+01 7.34656e-01 -9.27077e+00 1.27573e+01 2.26633e-01
3.80000e+00 -3.39796e+00 5.16348e+01 6.17420e-01 -9.81855e+00 1.47682e+01 2.10075e-01
3.90000e+00 -3.01001e+00 5.83953e+01 4.80174e-01 -1.03822e+01 1.69550e+01 1.90399e-01
4.00000e+00 -2.55473e+00 6.57001e+01 3.22009e-01 -1.09612e+01 1.93251e+01 1.67373e-01
4.10000e+00 -2.02934e+00 7.35645e+01 1.41465e-01 -1.15559e+01 2.18854e+01 1.40702e-01
4.20000e+00 -1.42946e+00 8.20128e+01 -6.24972e-02 -1.21658e+01 2.46417e+01 1.10111e-01
4.30000e+00 -7.51815e-01 9.10540e+01 -2.91071e-01 -1.27908e+01 2.76016e+01 7.53037e-02
4.40000e+00 7.04273e-03 1.00718e+02 -5.45411e-01 -1.34315e+01 3.07736e+01 3.61644e-02
4.50000e+00 8.50894e-01 1.11022e+02 -8.26766e-01 -1.40866e+01 3.41612e+01 -7.66951e-03
4.60000e+00 1.78330e+00 1.21991e+02 -1.13634e+00 -1.47572e+01 3.77716e+01 -5.65595e-02
4.70000e+00 2.80787e+00 1.33630e+02 -1.47546e+00 -1.54422e+01 4.16099e+01 -1.10833e-01
4.80000e+00 3.92842e+00 1.45958e+02 -1.84499e+00 -1.61415e+01 4.56840e+01 -1.70637e-01
4.90000e+00 5.14828e+00 1.59021e+02 -2.24651e+00 -1.68559e+01 5.00040e+01 -2.36233e-01
5.00000e+00 6.47096e+00 1.72802e+02 -2.68081e+00 -1.75849e+01 5.45756e+01 -3.08067e-01
5.10000e+00 7.89996e+00 1.87335e+02 -3.14925e+00 -1.83276e+01 5.93969e+01 -3.86450e-01
5.20000e+00 9.43978e+00 2.02648e+02 -3.65360e+00 -1.90854e+01 6.44863e+01 -4.71634e-01
5.30000e+00 1.10900e+01 2.18756e+02 -4.19432e+00 -1.98578e+01 6.98325e+01 -5.63837e-01
5.40000e+00 1.28475e+01 2.35657e+02 -4.77253e+00 -2.06479e+01 7.54566e+01 -6.63547e-01
