0.00000e+00 -7.05577e+00
1.00000e-01 -7.02066e+00
2.00000e-01 -6.92355e+00
3.00000e-01 -6.75211e+00
4.00000e-01 -6.50390e+00
5.00000e-01 -6.18016e+00
6.00000e-01 -5.77766e+00
7.00000e-01 -5.29354e+00
8.00000e-01 -4.73576e+00
9.00000e-01 -4.10650e+00
1.00000e+00 -3.42141e+00
1.10000e+00 -2.69325e+00
1.20000e+00 -1.93995e+00
1.30000e+00 -1.18256e+00
1.40000e+00 -4.41421e-01
1.50000e+00 2.59929e-01
1.60000e+00 8.98117e-01
1.70000e+00 1.44975e+00
1.80000e+00 1.89276e+00
1.90000e+00 2.20456e+00
2.00000e+00 2.36183e+00
2.10000e+00 2.34599e+00
2.20000e+00 2.13721e+00
2.30000e+00 1.71759e+00
2.40000e+00 1.06977e+00
2.50000e+00 1.78575e-01
2.60000e+00 -9.71224e-01
2.70000e+00 -2.39347e+00
2.80000e+00 -4.10113e+00
2.90000e+00 -6.10482e+00
3.00000e+00 -8.41666e+00
3.10000e+00 -1.10488e+01
3.20000e+00 -1.40079e+01
3.30000e+00 -1.73036e+01
3.40000e+00 -2.09420e+01
3.50000e+00 -2.49390e+01
3.60000e+00 -2.92940e+01
3.70000e+00 -3.40166e+01
3.80000e+00 -3.91105e+01
3.90000e+00 -4.45794e+01
4.00000e+00 -5.04332e+01
4.10000e+00 -5.66791e+01
4.20000e+00 -6.33245e+01
4.30000e+00 -7.03512e+01
4.40000e+00 -7.78008e+01
4.50000e+00 -8.56445e+01
4.60000e+00 -9.38918e+01
4.70000e+00 -1.02550e+02
4.80000e+00 -1.11616e+02
4.90000e+00 -1.21090e+02
5.00000e+00 -1.31065e+02
5.10000e+00 -1.41407e+02
5.20000e+00 -1.52191e+02
5.30000e+00 -1.63516e+02
5.40000e+00 -1.75851e+02
