0.00000e+00 -3.58547e+00 -1.61130e+01
1.00000e-01 -3.58081e+00 -1.59899e+01
2.00000e-01 -3.56729e+00 -1.56395e+01
3.00000e-01 -3.54422e+00 -1.50335e+01
4.00000e-01 -3.50391e+00 -1.42481e+01
5.00000e-01 -3.44772e+00 -1.32771e+01
6.00000e-01 -3.37355e+00 -1.21923e+01
7.00000e-01 -3.26902e+00 -1.10282e+01
8.00000e-01 -3.13338e+00 -9.80783e+00
9.00000e-01 -2.96773e+00 -8.55590e+00
1.00000e+00 -2.75380e+00 -7.32020e+00
1.10000e+00 -2.49918e+00 -6.10449e+00
1.20000e+00 -2.20454e+00 -4.91068e+00
1.30000e+00 -1.85024e+00 -3.77489e+00
1.40000e+00 -1.44186e+00 -2.69683e+00
1.50000e+00 -9.76212e-01 -1.67537e+00
1.60000e+00 -4.51040e-01 -7.08669e-01
1.70000e+00 1.36464e-01 1.98744e-01
1.80000e+00 7.87371e-01 1.04970e+00
1.90000e+00 1.50596e+00 1.84426e+00
2.00000e+00 2.29400e+00 2.58481e+00
2.10000e+00 3.14717e+00 3.28112e+00
2.20000e+00 4.08060e+00 3.92487e+00
2.30000e+00 5.08827e+00 4.52534e+00
2.40000e+00 6.16320e+00 5.08991e+00
2.50000e+00 7.31556e+00 5.61138e+00
2.60000e+00 8.54825e+00 6.09956e+00
2.70000e+00 9.84983e+00 6.54932e+00
2.80000e+00 1.12366e+01 6.97761e+00
2.90000e+00 1.26772e+01 7.37572e+00
3.00000e+00 1.42090e+01 7.74475e+00
3.10000e+00 1.58318e+01 8.09060e+00
3.20000e+00 1.75387e+01 8.41261e+00
3.30000e+00 1.93104e+01 8.71711e+00
3.40000e+00 2.11679e+01 9.00441e+00
3.50000e+00 2.30961e+01 9.26994e+00
3.60000e+00 2.51340e+01 9.52116e+00
3.70000e+00 2.72238e+01 9.75268e+00
3.80000e+00 2.93912e+01 9.97541e+00
3.90000e+00 3.16299e+01 1.01856e+01
4.00000e+00 3.39770e+01 1.03821e+01
4.10000e+00 3.63665e+01 1.05719e+01
4.20000e+00 3.88834e+01 1.07402e+01
4.30000e+00 4.14915e+01 1.09028e+01
4.40000e+00 4.41297e+01 1.10585e+01
4.50000e+00 4.68750e+01 1.12057e+01
4.60000e+00 4.96646e+01 1.13474e+01
4.70000e+00 5.25800e+01 1.14770e+01
4.80000e+00 5.55783e+01 1.15991e+01
4.90000e+00 5.85696e+01 1.17167e+01
5.00000e+00 6.16896e+01 1.18394e+01
5.10000e+00 6.48177e+01 1.19556e+01
5.20000e+00 6.79237e+01 1.20799e+01
5.30000e+00 7.09533e+01 1.22261e+01
5.40000e+00 7.38420e+01 1.24318e+01
