0.00000e+00 7.60002e-07 -6.40641e-06
1.00000e-01 -3.18111e-02 -6.40573e-05
2.00000e-01 -6.21188e-02 -5.59545e-04
3.00000e-01 -8.95502e-02 -1.96850e-03
4.00000e-01 -1.12997e-01 -4.88801e-03
5.00000e-01 -1.31734e-01 -1.00732e-02
6.00000e-01 -1.45419e-01 -1.83590e-02
7.00000e-01 -1.54174e-01 -3.07031e-02
8.00000e-01 -1.58494e-01 -4.79695e-02
9.00000e-01 -1.59189e-01 -7.09205e-02
1.00000e+00 -1.57289e-01 -9.99194e-02
1.10000e+00 -1.53904e-01 -1.34881e-01
1.20000e+00 -1.50042e-01 -1.74979e-01
1.30000e+00 -1.46546e-01 -2.18571e-01
1.40000e+00 -1.43925e-01 -2.62937e-01
1.50000e+00 -1.42261e-01 -3.04216e-01
1.60000e+00 -1.41134e-01 -3.37228e-01
1.70000e+00 -1.39566e-01 -3.55427e-01
1.80000e+00 -1.35970e-01 -3.50761e-01
1.90000e+00 -1.28181e-01 -3.13634e-01
2.00000e+00 -1.13321e-01 -2.32965e-01
2.10000e+00 -8.79633e-02 -9.59682e-02
2.20000e+00 -4.80478e-02 1.11697e-01
2.30000e+00 1.11116e-02 4.06031e-01
2.40000e+00 9.47234e-02 8.04597e-01
2.50000e+00 2.08633e-01 1.32673e+00
2.60000e+00 3.59113e-01 1.99316e+00
2.70000e+00 5.53051e-01 2.82645e+00
2.80000e+00 7.97791e-01 3.85059e+00
2.90000e+00 1.10113e+00 5.09129e+00
3.00000e+00 1.47130e+00 6.57566e+00
3.10000e+00 1.91709e+00 8.33253e+00
3.20000e+00 2.44759e+00 1.03921e+01
3.30000e+00 3.07231e+00 1.27866e+01
3.40000e+00 3.80126e+00 1.55481e+01
3.50000e+00 4.64454e+00 1.87137e+01
3.60000e+00 5.61297e+00 2.23176e+01
3.70000e+00 6.71779e+00 2.63992e+01
3.80000e+00 7.96995e+00 3.09969e+01
3.90000e+00 9.38140e+00 3.61516e+01
4.00000e+00 1.09643e+01 4.19056e+01
4.10000e+00 1.27309e+01 4.83024e+01
4.20000e+00 1.46940e+01 5.53875e+01
4.30000e+00 1.68660e+01 6.32074e+01
4.40000e+00 1.92612e+01 7.18094e+01
4.50000e+00 2.18925e+01 8.12446e+01
4.60000e+00 2.47744e+01 9.15602e+01
4.70000e+00 2.79208e+01 1.02810e+02
4.80000e+00 3.13461e+01 1.15051e+02
4.90000e+00 3.50648e+01 1.28331e+02
5.00000e+00 3.90934e+01 1.42716e+02
5.10000e+00 4.34453e+01 1.58252e+02
5.20000e+00 4.81376e+01 1.75008e+02
5.30000e+00 5.31854e+01 1.93039e+02
5.40000e+00 5.86065e+01 2.12406e+02
