0.00000e+00 0
1.00000e-01 1.02450e-02
2.00000e-01 4.07136e-02
3.00000e-01 9.04677e-02
4.00000e-01 1.57612e-01
5.00000e-01 2.39070e-01
6.00000e-01 3.30040e-01
7.00000e-01 4.23784e-01
8.00000e-01 5.11390e-01
9.00000e-01 5.81900e-01
1.00000e+00 6.22579e-01
1.10000e+00 6.19756e-01
1.20000e+00 5.59760e-01
1.30000e+00 4.30342e-01
1.40000e+00 2.22265e-01
1.50000e+00 -6.87250e-02
1.60000e+00 -4.39902e-01
1.70000e+00 -8.79265e-01
1.80000e+00 -1.36327e+00
1.90000e+00 -1.85436e+00
2.00000e+00 -2.29842e+00
2.10000e+00 -2.62258e+00
2.20000e+00 -2.73217e+00
2.30000e+00 -2.50862e+00
2.40000e+00 -1.80675e+00
2.50000e+00 -4.52091e-01
2.60000e+00 1.76163e+00
2.70000e+00 5.07501e+00
2.80000e+00 9.76559e+00
2.90000e+00 1.61507e+01
3.00000e+00 2.45890e+01
3.10000e+00 3.54862e+01
3.20000e+00 4.92913e+01
3.30000e+00 6.65089e+01
3.40000e+00 8.76913e+01
3.50000e+00 1.13448e+02
3.60000e+00 1.44449e+02
3.70000e+00 1.81420e+02
3.80000e+00 2.25151e+02
3.90000e+00 2.76496e+02
4.00000e+00 3.36383e+02
4.10000e+00 4.05815e+02
4.20000e+00 4.85847e+02
4.30000e+00 5.77634e+02
4.40000e+00 6.82413e+02
4.50000e+00 8.01494e+02
4.60000e+00 9.36216e+02
4.70000e+00 1.08811e+03
4.80000e+00 1.25873e+03
4.90000e+00 1.44973e+03
5.00000e+00 1.66290e+03
5.10000e+00 1.90003e+03
5.20000e+00 2.16312e+03
5.30000e+00 2.45414e+03
5.40000e+00 2.77542e+03
