0.00000e+00 -0.00000e+00 -0.00000e+00
1.00000e-01 2.02655e-04 -1.80138e-04
2.00000e-01 3.22195e-03 -2.86395e-03
3.00000e-01 1.61441e-02 -1.43503e-02
4.00000e-01 5.03165e-02 -4.47258e-02
5.00000e-01 1.20740e-01 -1.07325e-01
6.00000e-01 2.45368e-01 -2.18105e-01
7.00000e-01 4.44403e-01 -3.95024e-01
8.00000e-01 7.39661e-01 -6.57477e-01
9.00000e-01 1.15405e+00 -1.02582e+00
1.00000e+00 1.71115e+00 -1.52102e+00
1.10000e+00 2.43492e+00 -2.16437e+00
1.20000e+00 3.34948e+00 -2.97731e+00
1.30000e+00 4.47897e+00 -3.98131e+00
1.40000e+00 5.84749e+00 -5.19777e+00
1.50000e+00 7.47898e+00 -6.64799e+00
1.60000e+00 9.39727e+00 -8.35313e+00
1.70000e+00 1.16260e+01 -1.03342e+01
1.80000e+00 1.41886e+01 -1.26121e+01
1.90000e+00 1.71084e+01 -1.52075e+01
2.00000e+00 2.04085e+01 -1.81409e+01
2.10000e+00 2.41118e+01 -2.14327e+01
2.20000e+00 2.82411e+01 -2.51032e+01
2.30000e+00 3.28190e+01 -2.91724e+01
2.40000e+00 3.78680e+01 -3.36604e+01
2.50000e+00 4.34104e+01 -3.85870e+01
2.60000e+00 4.94684e+01 -4.39720e+01
2.70000e+00 5.60641e+01 -4.98348e+01
2.80000e+00 6.32194e+01 -5.61950e+01
2.90000e+00 7.09561e+01 -6.30721e+01
3.00000e+00 7.92959e+01 -7.04853e+01
3.10000e+00 8.82605e+01 -7.84538e+01
3.20000e+00 9.78713e+01 -8.69967e+01
3.30000e+00 1.08150e+02 -9.61332e+01
3.40000e+00 1.19117e+02 -1.05882e+02
3.50000e+00 1.30795e+02 -1.16262e+02
3.60000e+00 1.43205e+02 -1.27293e+02
3.70000e+00 1.56366e+02 -1.38992e+02
3.80000e+00 1.70302e+02 -1.51379e+02
3.90000e+00 1.85032e+02 -1.64473e+02
4.00000e+00 2.00578e+02 -1.78291e+02
4.10000e+00 2.16960e+02 -1.92853e+02
4.20000e+00 2.34200e+02 -2.08177e+02
4.30000e+00 2.52317e+02 -2.24282e+02
4.40000e+00 2.71334e+02 -2.41186e+02
4.50000e+00 2.91270e+02 -2.58907e+02
4.60000e+00 3.12146e+02 -2.77463e+02
4.70000e+00 3.33984e+02 -2.96874e+02
4.80000e+00 3.56802e+02 -3.17158e+02
4.90000e+00 3.80623e+02 -3.38332e+02
5.00000e+00 4.05467e+02 -3.60415e+02
5.10000e+00 4.31352e+02 -3.83424e+02
5.20000e+00 4.58299e+02 -4.07376e+02
5.30000e+00 4.86328e+02 -4.32291e+02
5.40000e+00 5.15469e+02 -4.58195e+02
