0.00000e+00 -5.94398e+01
1.00000e-01 -5.87048e+01
2.00000e-01 -5.63716e+01
3.00000e-01 -5.26325e+01
4.00000e-01 -4.76734e+01
5.00000e-01 -4.18145e+01
6.00000e-01 -3.53302e+01
7.00000e-01 -2.85133e+01
8.00000e-01 -2.16509e+01
9.00000e-01 -1.49866e+01
1.00000e+00 -8.71587e+00
1.10000e+00 -3.03286e+00
1.20000e+00 1.91993e+00
1.30000e+00 6.03508e+00
1.40000e+00 9.24016e+00
1.50000e+00 1.14659e+01
1.60000e+00 1.26746e+01
1.70000e+00 1.28344e+01
1.80000e+00 1.19357e+01
1.90000e+00 9.95934e+00
2.00000e+00 6.90922e+00
2.10000e+00 2.77979e+00
2.20000e+00 -2.42080e+00
2.30000e+00 -8.69249e+00
2.40000e+00 -1.60220e+01
2.50000e+00 -2.44026e+01
2.60000e+00 -3.38325e+01
2.70000e+00 -4.42994e+01
2.80000e+00 -5.57868e+01
2.90000e+00 -6.82873e+01
3.00000e+00 -8.18185e+01
3.10000e+00 -9.63444e+01
3.20000e+00 -1.11883e+02
3.30000e+00 -1.28408e+02
3.40000e+00 -1.45930e+02
3.50000e+00 -1.64390e+02
3.60000e+00 -1.83871e+02
3.70000e+00 -2.04307e+02
3.80000e+00 -2.25682e+02
3.90000e+00 -2.48009e+02
4.00000e+00 -2.71337e+02
4.10000e+00 -2.95596e+02
4.20000e+00 -3.20761e+02
4.30000e+00 -3.46923e+02
4.40000e+00 -3.73998e+02
4.50000e+00 -4.02031e+02
4.60000e+00 -4.30945e+02
4.70000e+00 -4.60753e+02
4.80000e+00 -4.91491e+02
4.90000e+00 -5.23066e+02
5.00000e+00 -5.55946e+02
5.10000e+00 -5.89535e+02
5.20000e+00 -6.24171e+02
5.30000e+00 -6.60263e+02
5.40000e+00 -6.99497e+02
