0.00000e+00 1.11574e-01 1.12571e+01
1.00000e-01 1.16907e-01 1.12073e+01
2.00000e-01 1.32517e-01 1.10426e+01
3.00000e-01 1.58986e-01 1.07860e+01
4.00000e-01 1.94707e-01 1.04499e+01
5.00000e-01 2.38385e-01 1.00484e+01
6.00000e-01 2.88337e-01 9.59790e+00
7.00000e-01 3.46079e-01 9.11589e+00
8.00000e-01 4.07600e-01 8.61817e+00
9.00000e-01 4.73712e-01 8.11782e+00
1.00000e+00 5.42014e-01 7.62481e+00
1.10000e+00 6.12786e-01 7.14631e+00
1.20000e+00 6.84368e-01 6.68721e+00
1.30000e+00 7.55992e-01 6.25074e+00
1.40000e+00 8.27983e-01 5.83891e+00
1.50000e+00 8.97685e-01 5.45284e+00
1.60000e+00 9.67790e-01 5.09288e+00
1.70000e+00 1.03660e+00 4.75877e+00
1.80000e+00 1.10394e+00 4.44970e+00
1.90000e+00 1.16938e+00 4.16441e+00
2.00000e+00 1.23313e+00 3.90134e+00
2.10000e+00 1.29408e+00 3.65873e+00
2.20000e+00 1.35446e+00 3.43484e+00
2.30000e+00 1.41204e+00 3.22801e+00
2.40000e+00 1.46659e+00 3.03673e+00
2.50000e+00 1.51960e+00 2.85973e+00
2.60000e+00 1.57069e+00 2.69591e+00
2.70000e+00 1.61876e+00 2.54430e+00
2.80000e+00 1.66729e+00 2.40401e+00
2.90000e+00 1.71335e+00 2.27418e+00
3.00000e+00 1.75809e+00 2.15395e+00
3.10000e+00 1.80130e+00 2.04244e+00
3.20000e+00 1.84207e+00 1.93880e+00
3.30000e+00 1.88162e+00 1.84226e+00
3.40000e+00 1.91897e+00 1.75214e+00
3.50000e+00 1.95480e+00 1.66789e+00
3.60000e+00 1.98934e+00 1.58909e+00
3.70000e+00 2.02244e+00 1.51541e+00
3.80000e+00 2.05323e+00 1.44655e+00
3.90000e+00 2.08400e+00 1.38221e+00
4.00000e+00 2.11350e+00 1.32203e+00
4.10000e+00 2.14204e+00 1.26560e+00
4.20000e+00 2.16879e+00 1.21249e+00
4.30000e+00 2.19499e+00 1.16233e+00
4.40000e+00 2.21937e+00 1.11488e+00
4.50000e+00 2.24242e+00 1.07004e+00
4.60000e+00 2.26400e+00 1.02785e+00
4.70000e+00 2.28612e+00 9.88321e-01
4.80000e+00 2.30600e+00 9.51320e-01
4.90000e+00 2.32754e+00 9.16491e-01
5.00000e+00 2.34375e+00 8.83463e-01
5.10000e+00 2.36033e+00 8.52407e-01
5.20000e+00 2.37263e+00 8.24707e-01
5.30000e+00 2.37329e+00 8.02692e-01
5.40000e+00 2.37275e+00 7.85620e-01
