0.00000e+00 -6.10442e+00
1.00000e-01 -6.08630e+00
2.00000e-01 -6.02774e+00
3.00000e-01 -5.93503e+00
4.00000e-01 -5.80894e+00
5.00000e-01 -5.65655e+00
6.00000e-01 -5.48698e+00
7.00000e-01 -5.29652e+00
8.00000e-01 -5.09506e+00
9.00000e-01 -4.88825e+00
1.00000e+00 -4.68152e+00
1.10000e+00 -4.47396e+00
1.20000e+00 -4.27122e+00
1.30000e+00 -4.07001e+00
1.40000e+00 -3.87889e+00
1.50000e+00 -3.69447e+00
1.60000e+00 -3.51671e+00
1.70000e+00 -3.34852e+00
1.80000e+00 -3.18809e+00
1.90000e+00 -3.03705e+00
2.00000e+00 -2.89304e+00
2.10000e+00 -2.75754e+00
2.20000e+00 -2.62881e+00
2.30000e+00 -2.50816e+00
2.40000e+00 -2.39349e+00
2.50000e+00 -2.28548e+00
2.60000e+00 -2.18281e+00
2.70000e+00 -2.08751e+00
2.80000e+00 -1.99665e+00
2.90000e+00 -1.91091e+00
3.00000e+00 -1.82975e+00
3.10000e+00 -1.75318e+00
3.20000e+00 -1.68092e+00
3.30000e+00 -1.61218e+00
3.40000e+00 -1.54722e+00
3.50000e+00 -1.48559e+00
3.60000e+00 -1.42718e+00
3.70000e+00 -1.37195e+00
3.80000e+00 -1.31946e+00
3.90000e+00 -1.26982e+00
4.00000e+00 -1.22270e+00
4.10000e+00 -1.17799e+00
4.20000e+00 -1.13536e+00
4.30000e+00 -1.09465e+00
4.40000e+00 -1.05587e+00
4.50000e+00 -1.01897e+00
4.60000e+00 -9.83757e-01
4.70000e+00 -9.50415e-01
4.80000e+00 -9.18477e-01
4.90000e+00 -8.87860e-01
5.00000e+00 -8.59193e-01
5.10000e+00 -8.31506e-01
5.20000e+00 -8.05157e-01
5.30000e+00 -7.80408e-01
5.40000e+00 -7.58946e-01
