0.0000000000 -6.1370695050
0.1000000000 -6.1027522081
0.2000000000 -6.0004926852
0.3000000000 -5.8323063395
0.4000000000 -5.6013582090
0.5000000000 -5.3117091342
0.6000000000 -4.9680232641
0.7000000000 -4.5752778661
0.8000000000 -4.1385073937
0.9000000000 -3.6626004141
1.0000000000 -3.1521554518
1.1000000000 -2.6113919930
1.2000000000 -2.0441073837
1.3000000000 -1.4536683433
1.4000000000 -0.8430262852
1.5000000000 -0.2147472159
1.6000000000 0.4289508764
1.7000000000 1.0861580287
1.8000000000 1.7552329258
1.9000000000 2.4347660863
2.0000000000 3.1235466371
2.1000000000 3.8205330219
2.2000000000 4.5248274969
2.3000000000 5.2356543221
2.4000000000 5.9523412233
2.5000000000 6.6743037339
2.6000000000 7.4010320080
2.7000000000 8.1320796510
2.8000000000 8.8670545161
2.9000000000 9.6056108469
3.0000000000 10.3474427500
3.1000000000 11.0922786161
3.2000000000 11.8398765004
3.3000000000 12.5900202297
3.4000000000 13.3425159930
3.5000000000 14.0971895223
3.6000000000 14.8538836696
3.7000000000 15.6124563693
3.8000000000 16.3727788379
3.9000000000 17.1347340121
4.0000000000 17.8982152303
4.1000000000 18.6631251499
4.2000000000 19.4293746915
4.3000000000 20.1968821427
4.4000000000 20.9655724234
4.5000000000 21.7353764499
4.6000000000 22.5062304984
4.7000000000 23.2780756770
4.8000000000 24.0508574749
4.9000000000 24.8245253364
5.0000000000 25.5990322218
5.1000000000 26.3743340703
5.2000000000 27.1503890391
5.3000000000 27.9271559900
5.4000000000 28.7045905623
5.5000000000 29.4826346830
5.6000000000 30.2611866838
5.7000000000 31.0400137573
5.8000000000 31.8184891281
5.9000000000 32.5947868958
6.0000000000 33.3633647382
6.1000000000 34.1069329497
6.2000000000 34.7703129748
6.3000000000 35.1736173299
6.4000000000 34.7180506039
