0.0000000000 3.5103839423
0.1000000000 3.5048900243
0.2000000000 3.4885917078
0.3000000000 3.4620210485
0.4000000000 3.4260077354
0.5000000000 3.3816048864
0.6000000000 3.3300043793
0.7000000000 3.2724540874
0.8000000000 3.2101864784
0.9000000000 3.1443638769
1.0000000000 3.0760417715
1.1000000000 3.0061486007
1.2000000000 2.9354788946
1.3000000000 2.8646961071
1.4000000000 2.7943417554
1.5000000000 2.7248480826
1.6000000000 2.6565521259
1.7000000000 2.5897098079
1.8000000000 2.5245092012
1.9000000000 2.4610825256
2.0000000000 2.3995165393
2.1000000000 2.3398615770
2.2000000000 2.2821390454
2.3000000000 2.2263476973
2.4000000000 2.1724688108
2.5000000000 2.1204703435
2.6000000000 2.0703103827
2.7000000000 2.0219398109
2.8000000000 1.9753045378
2.9000000000 1.9303471732
3.0000000000 1.8870084061
3.1000000000 1.8452280827
3.2000000000 1.8049459685
3.3000000000 1.7661024362
3.4000000000 1.7286388739
3.5000000000 1.6924981037
3.6000000000 1.6576245665
3.7000000000 1.6239645307
3.8000000000 1.5914661961
3.9000000000 1.5600797513
4.0000000000 1.5297574202
4.1000000000 1.5004534418
4.2000000000 1.4721240562
4.3000000000 1.4447274675
4.4000000000 1.4182237845
4.5000000000 1.3925749774
4.6000000000 1.3677447907
4.7000000000 1.3436987139
4.8000000000 1.3204038443
4.9000000000 1.2978288903
5.0000000000 1.2759440392
5.1000000000 1.2547209186
5.2000000000 1.2341325061
5.3000000000 1.2141530393
5.4000000000 1.1947578566
5.5000000000 1.1759231132
5.6000000000 1.1576250725
5.7000000000 1.1398379271
5.8000000000 1.1225274282
5.9000000000 1.1056308691
6.0000000000 1.0889931569
6.1000000000 1.0721584781
6.2000000000 1.0536780697
6.3000000000 1.0287657040
6.4000000000 0.9812040548
