0.0000000000 -7.0656915243
0.1000000000 -7.0300853078
0.2000000000 -6.9284071836
0.3000000000 -6.7563537068
0.4000000000 -6.5098940060
0.5000000000 -6.1855506201
0.6000000000 -5.7812597144
0.7000000000 -5.2973776596
0.8000000000 -4.7375092306
0.9000000000 -4.1089815428
1.0000000000 -3.4229237078
1.1000000000 -2.6940054870
1.2000000000 -1.9399339844
1.3000000000 -1.1808159857
1.4000000000 -0.4384789481
1.5000000000 0.2641808186
1.6000000000 0.9037792884
1.7000000000 1.4569331013
1.8000000000 1.9006486360
1.9000000000 2.2126161031
2.0000000000 2.3714186817
2.1000000000 2.3566696711
2.2000000000 2.1490913309
2.3000000000 1.7305481771
2.4000000000 1.0840464078
2.5000000000 0.1937087924
2.6000000000 -0.9552668596
2.7000000000 -2.3766596961
2.8000000000 -4.0832836890
2.9000000000 -6.0870482035
3.0000000000 -8.3990186608
3.1000000000 -11.0294759330
3.2000000000 -13.9879735653
3.3000000000 -17.2833922344
3.4000000000 -20.9239908684
3.5000000000 -24.9174542602
3.6000000000 -29.2709376420
3.7000000000 -33.9911079071
3.8000000000 -39.0841813639
3.9000000000 -44.5559584006
4.0000000000 -50.4118554788
4.1000000000 -56.6569347828
4.2000000000 -63.2959309339
4.3000000000 -70.3332754618
4.4000000000 -77.7731198880
4.5000000000 -85.6193567484
4.6000000000 -93.8756385826
4.7000000000 -102.5453951337
4.8000000000 -111.6318492879
4.9000000000 -121.1380319556
5.0000000000 -131.0667947181
5.1000000000 -141.4208206905
5.2000000000 -152.2026325587
5.3000000000 -163.4145912440
5.4000000000 -175.0588687493
5.5000000000 -187.1373525275
5.6000000000 -199.6513641046
5.7000000000 -212.6008554342
5.8000000000 -225.9820809482
5.9000000000 -239.7806473117
6.0000000000 -253.9500278005
6.1000000000 -268.3429445247
6.2000000000 -282.4859637107
6.3000000000 -294.8206127100
6.4000000000 -300.0912103385
