0.0000000000 6.1048347763
0.1000000000 6.0852502400
0.2000000000 6.0274043981
0.3000000000 5.9339078400
0.4000000000 5.8087626681
0.5000000000 5.6569214661
0.6000000000 5.4838048168
0.7000000000 5.2948577229
0.8000000000 5.0951990981
0.9000000000 4.8893869200
1.0000000000 4.6812949030
1.1000000000 4.4740800066
1.2000000000 4.2702141811
1.3000000000 4.0715547772
1.4000000000 3.8794329907
1.5000000000 3.6947460385
1.6000000000 3.5180439163
1.7000000000 3.3496062193
1.8000000000 3.1895072289
1.9000000000 3.0376693053
2.0000000000 2.8939055253
2.1000000000 2.7579532444
2.2000000000 2.6294998590
2.3000000000 2.5082023872
2.4000000000 2.3937021421
2.5000000000 2.2856353970
2.6000000000 2.1836412372
2.7000000000 2.0873669541
2.8000000000 1.9964717791
2.9000000000 1.9106293039
3.0000000000 1.8295288968
3.1000000000 1.7528765045
3.2000000000 1.6803947716
3.3000000000 1.6118229547
3.4000000000 1.5469164640
3.5000000000 1.4854463285
3.6000000000 1.4271984411
3.7000000000 1.3719728376
3.8000000000 1.3195828874
3.9000000000 1.2698545004
4.0000000000 1.2226253187
4.1000000000 1.1777439845
4.2000000000 1.1350693712
4.3000000000 1.0944698841
4.4000000000 1.0558228148
4.5000000000 1.0190137002
4.6000000000 0.9839357228
4.7000000000 0.9504892113
4.8000000000 0.9185810620
4.9000000000 0.8881243317
5.0000000000 0.8590377412
5.1000000000 0.8312452814
5.2000000000 0.8046758504
5.3000000000 0.7792628387
5.4000000000 0.7549437586
5.5000000000 0.7316596923
5.6000000000 0.7093544265
5.7000000000 0.6879723702
5.8000000000 0.6674526950
5.9000000000 0.6477122274
6.0000000000 0.6285920425
6.1000000000 0.6096881315
6.2000000000 0.5898018253
6.3000000000 0.5651216931
6.4000000000 0.5230908095
