0.0000000000 0.1114263632
0.1000000000 0.1168549982
0.2000000000 0.1329601714
0.3000000000 0.1592340398
0.4000000000 0.1948805499
0.5000000000 0.2388888417
0.6000000000 0.2901138339
0.7000000000 0.3473575450
0.8000000000 0.4094377283
0.9000000000 0.4752385773
1.0000000000 0.5437415731
1.1000000000 0.6140405340
1.2000000000 0.6853483024
1.3000000000 0.7569968255
1.4000000000 0.8284321523
1.5000000000 0.8992024204
1.6000000000 0.9689487704
1.7000000000 1.0373888919
1.8000000000 1.1043038046
1.9000000000 1.1695267640
2.0000000000 1.2329317041
2.1000000000 1.2944275829
2.2000000000 1.3539526411
2.3000000000 1.4114731982
2.4000000000 1.4669784030
2.5000000000 1.5204786424
2.6000000000 1.5720023107
2.7000000000 1.6215902080
2.8000000000 1.6692896796
2.9000000000 1.7151518394
3.0000000000 1.7592261775
3.1000000000 1.8015613856
3.2000000000 1.8422018671
3.3000000000 1.8811960834
3.4000000000 1.9185921651
3.5000000000 1.9544471172
3.6000000000 1.9888227101
3.7000000000 2.0217886408
3.8000000000 2.0534175279
3.9000000000 2.0837804040
4.0000000000 2.1129399983
4.1000000000 2.1409495692
4.2000000000 2.1678474214
4.3000000000 2.1936607923
4.4000000000 2.2184106711
4.5000000000 2.2421210182
4.6000000000 2.2648283260
4.7000000000 2.2865860252
4.8000000000 2.3074662008
4.9000000000 2.3275499951
5.0000000000 2.3469135198
5.1000000000 2.3656065264
5.2000000000 2.3836396938
5.3000000000 2.4009790719
5.4000000000 2.4175670793
5.5000000000 2.4333623556
5.6000000000 2.4483902784
5.7000000000 2.4627648736
5.8000000000 2.4766308909
5.9000000000 2.4899301688
6.0000000000 2.5018446854
6.1000000000 2.5095460991
6.2000000000 2.5048614823
6.3000000000 2.4633588425
6.4000000000 2.3047076576
