0.0000000000 11.2498922997
0.1000000000 11.1968883469
0.2000000000 11.0382508016
0.3000000000 10.7848332718
0.4000000000 10.4494559453
0.5000000000 10.0483467026
0.6000000000 9.5988479592
0.7000000000 9.1177939670
0.8000000000 8.6203562531
0.9000000000 8.1193786444
1.0000000000 7.6251151732
1.1000000000 7.1452830496
1.2000000000 6.6853300724
1.3000000000 6.2487937836
1.4000000000 5.8376812632
1.5000000000 5.4528164503
1.6000000000 5.0941636355
1.7000000000 4.7610741060
1.8000000000 4.4524914932
1.9000000000 4.1671090208
2.0000000000 3.9034799115
2.1000000000 3.6601030807
2.2000000000 3.4354787762
2.3000000000 3.2281504507
2.4000000000 3.0367257220
2.5000000000 2.8598935418
2.6000000000 2.6964322946
2.7000000000 2.5452111744
2.8000000000 2.4051885380
2.9000000000 2.2754105723
3.0000000000 2.1550048615
3.1000000000 2.0431770471
3.2000000000 1.9392021748
3.3000000000 1.8424235630
3.4000000000 1.7522421121
3.5000000000 1.6681153743
3.6000000000 1.5895491703
3.7000000000 1.5160953953
3.8000000000 1.4473465453
3.9000000000 1.3829320644
4.0000000000 1.3225142479
4.1000000000 1.2657864931
4.2000000000 1.2124687501
4.3000000000 1.1623057799
4.4000000000 1.1150643987
4.5000000000 1.0705315645
4.6000000000 1.0285126668
4.7000000000 0.9888291807
4.8000000000 0.9513176963
4.9000000000 0.9158280736
5.0000000000 0.8822226482
5.1000000000 0.8503746242
5.2000000000 0.8201676337
5.3000000000 0.7914941847
5.4000000000 0.7642553524
5.5000000000 0.7383594202
5.6000000000 0.7137220856
5.7000000000 0.6902641423
5.8000000000 0.6679101202
5.9000000000 0.6465806880
6.0000000000 0.6261684701
6.1000000000 0.6064514728
6.2000000000 0.5867752559
6.3000000000 0.5648859467
6.4000000000 0.5325901215
