0.0000000000 -0.6240043891
0.1000000000 -0.6205349891
0.2000000000 -0.6102247103
0.3000000000 -0.5931647978
0.4000000000 -0.5695240196
0.5000000000 -0.5395460909
0.6000000000 -0.5035442467
0.7000000000 -0.4618926754
0.8000000000 -0.4150161513
0.9000000000 -0.3633786701
1.0000000000 -0.3074716609
1.1000000000 -0.2478019729
1.2000000000 -0.1848799229
1.3000000000 -0.1192081095
1.4000000000 -0.0512715981
1.5000000000 0.0184699077
1.6000000000 0.0895876265
1.7000000000 0.1616869335
1.8000000000 0.2344087622
1.9000000000 0.3074294569
2.0000000000 0.3804598675
2.1000000000 0.4532439288
2.2000000000 0.5255571845
2.3000000000 0.5972050544
2.4000000000 0.6680210932
2.5000000000 0.7378649188
2.6000000000 0.8066197610
2.7000000000 0.8741897699
2.8000000000 0.9404971557
2.9000000000 1.0054795573
3.0000000000 1.0690877627
3.1000000000 1.1312841103
3.2000000000 1.1920415128
3.3000000000 1.2513429430
3.4000000000 1.3091810220
3.5000000000 1.3655572431
3.6000000000 1.4204806332
3.7000000000 1.4739656140
3.8000000000 1.5260295929
3.9000000000 1.5766907904
4.0000000000 1.6259671889
4.1000000000 1.6738772531
4.2000000000 1.7204423144
4.3000000000 1.7656897312
4.4000000000 1.8096547811
4.5000000000 1.8523791254
4.6000000000 1.8939042245
4.7000000000 1.9342612966
4.8000000000 1.9734633185
4.9000000000 2.0115063907
5.0000000000 2.0483829219
5.1000000000 2.0840750163
5.2000000000 2.1184158249
5.3000000000 2.1505168731
5.4000000000 2.1770936018
5.5000000000 2.1883455249
5.6000000000 2.1588846469
5.7000000000 2.0292697419
5.8000000000 1.6706159351
5.9000000000 0.8199399757
6.0000000000 -1.0333925661
6.1000000000 -4.8406218773
6.2000000000 -12.3124629072
6.3000000000 -26.4340071481
6.4000000000 -52.2816435720
