0.0000000000 -2.9703566799
0.1000000000 -2.9601098324
0.2000000000 -2.9295884872
0.3000000000 -2.8794313346
0.4000000000 -2.8106433081
0.5000000000 -2.7245176002
0.6000000000 -2.6225457441
0.7000000000 -2.5063281740
0.8000000000 -2.3774950125
0.9000000000 -2.2376427320
1.0000000000 -2.0882885061
1.1000000000 -1.9308410881
1.2000000000 -1.7665854878
1.3000000000 -1.5966781024
1.4000000000 -1.4221490623
1.5000000000 -1.2439090729
1.6000000000 -1.0627588129
1.7000000000 -0.8793993442
1.8000000000 -0.6944425634
1.9000000000 -0.5084213001
2.0000000000 -0.3217985819
2.1000000000 -0.1349760091
2.2000000000 0.0516987295
2.3000000000 0.2379252546
2.4000000000 0.4234446986
2.5000000000 0.6080345587
2.6000000000 0.7915043034
2.7000000000 0.9736914015
2.8000000000 1.1544579442
2.9000000000 1.3336875932
3.0000000000 1.5112830504
3.1000000000 1.6871635943
3.2000000000 1.8612631779
3.3000000000 2.0335285895
3.4000000000 2.2039178509
3.5000000000 2.3723988688
3.6000000000 2.5389481800
3.7000000000 2.7035498708
3.8000000000 2.8661946307
3.9000000000 3.0268788753
4.0000000000 3.1856040680
4.1000000000 3.3423759305
4.2000000000 3.4972040283
4.3000000000 3.6501010959
4.4000000000 3.8010826980
4.5000000000 3.9501666980
4.6000000000 4.0973730218
4.7000000000 4.2427233464
4.8000000000 4.3862406463
4.9000000000 4.5279491103
5.0000000000 4.6678739410
5.1000000000 4.8060409358
5.2000000000 4.9424764044
5.3000000000 5.0772067096
5.4000000000 5.2102574368
5.5000000000 5.3416516805
5.6000000000 5.4714048165
5.7000000000 5.5995103490
5.8000000000 5.7258994842
5.9000000000 5.8503211708
6.0000000000 5.9719826949
6.1000000000 6.0884505164
6.2000000000 6.1922236710
6.3000000000 6.2598485650
6.4000000000 6.2166737838
