0.0000000000 -3.3362196850
0.1000000000 -3.3375196119
0.2000000000 -3.3402994946
0.3000000000 -3.3412917903
0.4000000000 -3.3353409090
0.5000000000 -3.3157824032
0.6000000000 -3.2748795986
0.7000000000 -3.2042565871
0.8000000000 -3.0952810884
0.9000000000 -2.9393705425
1.0000000000 -2.7282140010
1.1000000000 -2.4539158976
1.2000000000 -2.1090757655
1.3000000000 -1.6868199918
1.4000000000 -1.1808009305
1.5000000000 -0.5851758155
1.6000000000 0.1054253740
1.7000000000 0.8959367850
1.8000000000 1.7908941908
1.9000000000 2.7944709620
2.0000000000 3.9105113782
2.1000000000 5.1425608864
2.2000000000 6.4938931546
2.3000000000 7.9675342605
2.4000000000 9.5662843146
2.5000000000 11.2927368746
2.6000000000 13.1492962648
2.7000000000 15.1381931138
2.8000000000 17.2614985941
2.9000000000 19.5211373449
3.0000000000 21.9188990540
3.1000000000 24.4564491534
3.2000000000 27.1353385254
3.3000000000 29.9570125932
3.4000000000 32.9228195183
3.5000000000 36.0340173719
3.6000000000 39.2917814009
3.7000000000 42.6972102095
3.8000000000 46.2513316903
3.9000000000 49.9551081180
4.0000000000 53.8094411821
4.1000000000 57.8151766488
4.2000000000 61.9731084234
4.3000000000 66.2839821066
4.4000000000 70.7484986905
4.5000000000 75.3673178347
4.6000000000 80.1410608234
4.7000000000 85.0703130213
4.8000000000 90.1556263144
4.9000000000 95.3975214092
5.0000000000 100.7964891866
5.1000000000 106.3529903707
5.2000000000 112.0674530702
5.3000000000 117.9402621313
5.4000000000 123.9717268119
5.5000000000 130.1619910133
5.6000000000 136.5107802139
5.7000000000 143.0166846862
5.8000000000 149.6750959351
5.9000000000 156.4721792355
6.0000000000 163.3669923123
6.1000000000 170.2376237867
6.2000000000 176.7165491684
6.3000000000 181.6802339059
6.4000000000 181.6458570979
