0.0000000000 -29.1014696855
0.1000000000 -28.8922625545
0.2000000000 -28.2730280485
0.3000000000 -27.2774664102
0.4000000000 -25.9531059125
0.5000000000 -24.3587538519
0.6000000000 -22.5576443647
0.7000000000 -20.6119259439
0.8000000000 -18.5784843047
0.9000000000 -16.5064044156
1.0000000000 -14.4358890830
1.1000000000 -12.3982562147
1.2000000000 -10.4166949985
1.3000000000 -8.5074023322
1.4000000000 -6.6808267945
1.5000000000 -4.9428862090
1.6000000000 -3.2960513812
1.7000000000 -1.7402526726
1.8000000000 -0.2736225171
1.9000000000 1.1069299235
2.0000000000 2.4052718651
2.1000000000 3.6257239046
2.2000000000 4.7728166077
2.3000000000 5.8511235838
2.4000000000 6.8651396477
2.5000000000 7.8192067136
2.6000000000 8.7174625908
2.7000000000 9.5638158378
2.8000000000 10.3619282839
2.9000000000 11.1152169624
3.0000000000 11.8268550485
3.1000000000 12.4997820940
3.2000000000 13.1367151511
3.3000000000 13.7401621120
3.4000000000 14.3124356019
3.5000000000 14.8556671154
3.6000000000 15.3718209574
3.7000000000 15.8627064733
3.8000000000 16.3299921961
3.9000000000 16.7752152903
4.0000000000 17.1997941831
4.1000000000 17.6050383270
4.2000000000 17.9921565298
4.3000000000 18.3622663758
4.4000000000 18.7164015138
4.5000000000 19.0555187422
4.6000000000 19.3805043197
4.7000000000 19.6921810062
4.8000000000 19.9913112161
4.9000000000 20.2786040425
5.0000000000 20.5547185581
5.1000000000 20.8202678869
5.2000000000 21.0758232468
5.3000000000 21.3219162536
5.4000000000 21.5590410775
5.5000000000 21.7876533238
5.6000000000 22.0081603208
5.7000000000 22.2208846095
5.8000000000 22.4259413212
5.9000000000 22.6228328155
6.0000000000 22.8090967656
6.1000000000 22.9757462211
6.2000000000 23.0916312549
6.3000000000 23.0489442874
6.4000000000 22.4701105062
