0.0000000000 0.5129003718
0.1000000000 0.5162294320
0.2000000000 0.5267685681
0.3000000000 0.5430664612
0.4000000000 0.5632736228
0.5000000000 0.5851890821
0.6000000000 0.6064251374
0.7000000000 0.6246156988
0.8000000000 0.6376091158
0.9000000000 0.6436112227
1.0000000000 0.6412663652
1.1000000000 0.6296803928
1.2000000000 0.6083981197
1.3000000000 0.5773507838
1.4000000000 0.5367877618
1.5000000000 0.4872036479
1.6000000000 0.4292685895
1.7000000000 0.3637663560
1.8000000000 0.2915424276
1.9000000000 0.2134625576
2.0000000000 0.1303812480
2.1000000000 0.0431189744
2.2000000000 -0.0475531716
2.3000000000 -0.1409229648
2.4000000000 -0.2363418412
2.5000000000 -0.3332263205
2.6000000000 -0.4310568992
2.7000000000 -0.5293753209
2.8000000000 -0.6277807356
2.9000000000 -0.7259253681
3.0000000000 -0.8235098163
3.1000000000 -0.9202784505
3.2000000000 -1.0160148720
3.3000000000 -1.1105376619
3.4000000000 -1.2036964160
3.5000000000 -1.2953680530
3.6000000000 -1.3854535040
3.7000000000 -1.4738747090
3.8000000000 -1.5605718732
3.9000000000 -1.6455010232
4.0000000000 -1.7286318773
4.1000000000 -1.8099458795
4.2000000000 -1.8894345439
4.3000000000 -1.9670979195
4.4000000000 -2.0429433326
4.5000000000 -2.1169842332
4.6000000000 -2.1892392421
4.7000000000 -2.2597312881
4.8000000000 -2.3284868714
4.9000000000 -2.3955354490
5.0000000000 -2.4609087880
5.1000000000 -2.5246404552
5.2000000000 -2.5867653138
5.3000000000 -2.6473192062
5.4000000000 -2.7063388901
5.5000000000 -2.7638626636
5.6000000000 -2.8199317586
5.7000000000 -2.8745920446
5.8000000000 -2.9278910734
5.9000000000 -2.9798497991
6.0000000000 -3.0303300699
6.1000000000 -3.0785129353
6.2000000000 -3.1209681762
6.3000000000 -3.1446551058
6.4000000000 -3.1015713558
