1.000E-02	1.769E+01	
1.033E-02	1.717E+01	2.201E-06
1.066E-02	1.665E+01	2.419E-06
1.101E-02	1.616E+01	2.658E-06
1.137E-02	1.568E+01	2.921E-06
1.175E-02	1.522E+01	3.209E-06
1.213E-02	1.477E+01	3.526E-06
1.253E-02	1.433E+01	3.873E-06
1.294E-02	1.391E+01	4.254E-06
1.336E-02	1.350E+01	4.673E-06
1.380E-02	1.311E+01	5.132E-06
1.425E-02	1.273E+01	5.635E-06
1.471E-02	1.236E+01	6.187E-06
1.520E-02	1.200E+01	6.793E-06
1.569E-02	1.165E+01	7.457E-06
1.621E-02	1.132E+01	8.185E-06
1.674E-02	1.099E+01	8.983E-06
1.728E-02	1.068E+01	9.858E-06
1.785E-02	1.037E+01	1.082E-05
1.843E-02	1.008E+01	1.187E-05
1.904E-02	9.791E+00	1.302E-05
1.966E-02	9.514E+00	1.427E-05
2.030E-02	9.246E+00	1.565E-05
2.097E-02	8.987E+00	1.716E-05
2.165E-02	8.736E+00	1.881E-05
2.236E-02	8.493E+00	2.062E-05
2.309E-02	8.257E+00	2.259E-05
2.385E-02	8.029E+00	2.475E-05
2.463E-02	7.809E+00	2.711E-05
2.543E-02	7.595E+00	2.969E-05
2.627E-02	7.388E+00	3.251E-05
2.712E-02	7.188E+00	3.558E-05
2.801E-02	6.994E+00	3.894E-05
2.893E-02	6.807E+00	4.260E-05
2.987E-02	6.625E+00	4.660E-05
3.085E-02	6.449E+00	5.095E-05
3.186E-02	6.279E+00	5.570E-05
3.290E-02	6.114E+00	6.087E-05
3.398E-02	5.955E+00	6.650E-05
3.509E-02	5.800E+00	7.263E-05
3.624E-02	5.651E+00	7.929E-05
3.742E-02	5.506E+00	8.654E-05
3.865E-02	5.367E+00	9.440E-05
3.991E-02	5.231E+00	1.029E-04
4.122E-02	5.100E+00	1.122E-04
4.257E-02	4.973E+00	1.223E-04
4.396E-02	4.850E+00	1.331E-04
4.540E-02	4.731E+00	1.449E-04
4.688E-02	4.616E+00	1.576E-04
4.842E-02	4.505E+00	-1.847E-03
5.000E-02	4.397E+00	2.976E-03
5.158E-02	4.296E+00	5.647E-05
5.321E-02	4.199E+00	9.626E-05
5.489E-02	4.105E+00	1.347E-04
5.662E-02	4.013E+00	1.720E-04
5.840E-02	3.925E+00	2.085E-04
6.025E-02	3.839E+00	2.445E-04
6.215E-02	3.756E+00	2.802E-04
6.411E-02	3.675E+00	3.161E-04
6.613E-02	3.598E+00	3.524E-04
6.822E-02	3.522E+00	3.894E-04
7.037E-02	3.449E+00	4.276E-04
7.260E-02	3.378E+00	4.672E-04
7.489E-02	3.310E+00	5.086E-04
7.725E-02	3.243E+00	5.521E-04
7.969E-02	3.179E+00	5.980E-04
8.220E-02	3.117E+00	6.467E-04
8.480E-02	3.057E+00	6.985E-04
8.747E-02	2.999E+00	7.537E-04
9.023E-02	2.942E+00	8.126E-04
9.308E-02	2.888E+00	8.757E-04
9.602E-02	2.835E+00	9.433E-04
9.905E-02	2.784E+00	1.016E-03
1.022E-01	2.735E+00	1.093E-03
1.054E-01	2.687E+00	1.177E-03
1.087E-01	2.641E+00	1.266E-03
1.122E-01	2.596E+00	1.362E-03
1.157E-01	2.553E+00	1.465E-03
1.194E-01	2.511E+00	1.576E-03
1.231E-01	2.471E+00	1.695E-03
1.270E-01	2.431E+00	1.823E-03
1.310E-01	2.394E+00	1.960E-03
1.351E-01	2.357E+00	2.108E-03
1.394E-01	2.322E+00	2.267E-03
1.438E-01	2.288E+00	2.439E-03
1.484E-01	2.255E+00	2.623E-03
1.530E-01	2.223E+00	2.821E-03
1.579E-01	2.192E+00	3.035E-03
1.628E-01	2.163E+00	3.265E-03
1.680E-01	2.134E+00	3.513E-03
1.733E-01	2.106E+00	3.780E-03
1.788E-01	2.080E+00	4.067E-03
1.844E-01	2.054E+00	4.378E-03
1.902E-01	2.029E+00	4.712E-03
1.962E-01	2.005E+00	5.073E-03
2.024E-01	1.982E+00	5.462E-03
2.088E-01	1.960E+00	5.881E-03
2.154E-01	1.938E+00	6.334E-03
2.222E-01	1.918E+00	6.823E-03
2.292E-01	1.898E+00	7.350E-03
2.364E-01	1.879E+00	7.919E-03
2.439E-01	1.860E+00	8.533E-03
2.516E-01	1.842E+00	9.196E-03
2.595E-01	1.825E+00	9.911E-03
2.677E-01	1.809E+00	1.068E-02
2.762E-01	1.793E+00	1.152E-02
2.849E-01	1.778E+00	1.242E-02
2.939E-01	1.764E+00	1.339E-02
3.032E-01	1.750E+00	1.444E-02
3.127E-01	1.736E+00	1.557E-02
3.226E-01	1.723E+00	1.679E-02
3.328E-01	1.711E+00	1.811E-02
3.433E-01	1.699E+00	1.954E-02
3.541E-01	1.688E+00	2.108E-02
3.653E-01	1.678E+00	2.274E-02
3.768E-01	1.667E+00	2.453E-02
3.887E-01	1.658E+00	2.646E-02
4.010E-01	1.648E+00	2.854E-02
4.136E-01	1.640E+00	3.079E-02
4.267E-01	1.631E+00	3.322E-02
4.402E-01	1.623E+00	3.584E-02
4.541E-01	1.616E+00	3.866E-02
4.684E-01	1.609E+00	4.170E-02
4.832E-01	1.602E+00	4.498E-02
4.984E-01	1.596E+00	4.852E-02
5.141E-01	1.590E+00	5.234E-02
5.304E-01	1.584E+00	5.645E-02
5.471E-01	1.579E+00	6.088E-02
5.644E-01	1.574E+00	6.565E-02
5.822E-01	1.569E+00	7.080E-02
6.006E-01	1.565E+00	7.634E-02
6.195E-01	1.561E+00	8.231E-02
6.391E-01	1.558E+00	8.874E-02
6.592E-01	1.555E+00	9.566E-02
6.800E-01	1.552E+00	1.031E-01
7.015E-01	1.549E+00	1.111E-01
7.236E-01	1.547E+00	1.198E-01
7.465E-01	1.545E+00	1.291E-01
7.700E-01	1.543E+00	1.391E-01
7.943E-01	1.542E+00	1.498E-01
8.194E-01	1.540E+00	1.614E-01
8.453E-01	1.539E+00	1.739E-01
8.720E-01	1.539E+00	1.873E-01
8.995E-01	1.538E+00	2.017E-01
9.279E-01	1.538E+00	2.171E-01
9.572E-01	1.538E+00	2.338E-01
9.874E-01	1.539E+00	2.517E-01
1.019E+00	1.539E+00	2.709E-01
1.051E+00	1.540E+00	2.916E-01
1.084E+00	1.541E+00	3.138E-01
1.118E+00	1.542E+00	3.377E-01
1.153E+00	1.544E+00	3.633E-01
1.190E+00	1.545E+00	3.908E-01
1.227E+00	1.547E+00	4.204E-01
1.266E+00	1.549E+00	4.522E-01
1.306E+00	1.551E+00	4.862E-01
1.347E+00	1.554E+00	5.228E-01
1.390E+00	1.557E+00	5.621E-01
1.434E+00	1.560E+00	6.043E-01
1.479E+00	1.563E+00	6.495E-01
1.525E+00	1.566E+00	6.981E-01
1.574E+00	1.569E+00	7.502E-01
1.623E+00	1.573E+00	8.061E-01
1.675E+00	1.577E+00	8.660E-01
1.727E+00	1.581E+00	9.303E-01
1.782E+00	1.585E+00	9.993E-01
1.838E+00	1.589E+00	1.073E+00
1.896E+00	1.594E+00	1.153E+00
1.956E+00	1.598E+00	1.238E+00
2.018E+00	1.603E+00	1.329E+00
2.081E+00	1.608E+00	1.426E+00
2.147E+00	1.613E+00	1.531E+00
2.215E+00	1.619E+00	1.643E+00
2.285E+00	1.624E+00	1.763E+00
2.357E+00	1.630E+00	1.892E+00
2.431E+00	1.636E+00	2.030E+00
2.508E+00	1.642E+00	2.178E+00
2.587E+00	1.648E+00	2.336E+00
2.669E+00	1.654E+00	2.506E+00
2.753E+00	1.660E+00	2.687E+00
2.840E+00	1.667E+00	2.882E+00
2.930E+00	1.673E+00	3.090E+00
3.022E+00	1.680E+00	3.313E+00
3.117E+00	1.687E+00	3.551E+00
3.216E+00	1.694E+00	3.807E+00
3.317E+00	1.701E+00	4.080E+00
3.422E+00	1.709E+00	4.373E+00
3.530E+00	1.716E+00	4.686E+00
3.641E+00	1.724E+00	5.021E+00
3.756E+00	1.731E+00	5.379E+00
3.875E+00	1.739E+00	5.763E+00
3.997E+00	1.747E+00	6.173E+00
4.123E+00	1.755E+00	6.612E+00
4.253E+00	1.764E+00	7.081E+00
4.388E+00	1.772E+00	7.583E+00
4.526E+00	1.780E+00	8.120E+00
4.669E+00	1.789E+00	8.694E+00
4.816E+00	1.798E+00	9.308E+00
4.968E+00	1.806E+00	9.964E+00
5.125E+00	1.815E+00	1.067E+01
5.287E+00	1.824E+00	1.142E+01
5.454E+00	1.834E+00	1.222E+01
5.626E+00	1.843E+00	1.308E+01
5.803E+00	1.852E+00	1.399E+01
5.987E+00	1.862E+00	1.497E+01
6.175E+00	1.871E+00	1.602E+01
6.370E+00	1.881E+00	1.713E+01
6.571E+00	1.891E+00	1.833E+01
6.779E+00	1.901E+00	1.961E+01
6.993E+00	1.911E+00	2.097E+01
7.213E+00	1.921E+00	2.243E+01
7.441E+00	1.931E+00	2.398E+01
7.676E+00	1.941E+00	2.564E+01
7.918E+00	1.952E+00	2.742E+01
8.168E+00	1.962E+00	2.931E+01
8.426E+00	1.973E+00	3.134E+01
8.692E+00	1.983E+00	3.350E+01
8.966E+00	1.994E+00	3.581E+01
9.249E+00	2.005E+00	3.827E+01
9.541E+00	2.016E+00	4.091E+01
9.842E+00	2.027E+00	4.372E+01
1.015E+01	2.038E+00	4.672E+01
1.047E+01	2.049E+00	4.992E+01
1.080E+01	2.061E+00	5.334E+01
1.114E+01	2.072E+00	5.699E+01
1.150E+01	2.084E+00	6.088E+01
1.186E+01	2.095E+00	6.504E+01
1.223E+01	2.107E+00	6.948E+01
1.262E+01	2.119E+00	7.421E+01
1.302E+01	2.131E+00	7.927E+01
1.343E+01	2.142E+00	8.466E+01
1.385E+01	2.154E+00	9.042E+01
1.429E+01	2.167E+00	9.657E+01
1.474E+01	2.179E+00	1.031E+02
1.521E+01	2.191E+00	1.101E+02
1.569E+01	2.203E+00	1.176E+02
1.618E+01	2.216E+00	1.256E+02
1.669E+01	2.228E+00	1.341E+02
1.722E+01	2.241E+00	1.432E+02
1.776E+01	2.253E+00	1.529E+02
1.832E+01	2.266E+00	1.633E+02
1.890E+01	2.279E+00	1.744E+02
1.950E+01	2.292E+00	1.862E+02
2.011E+01	2.305E+00	1.988E+02
2.075E+01	2.318E+00	2.123E+02
2.140E+01	2.331E+00	2.267E+02
2.208E+01	2.344E+00	2.421E+02
2.277E+01	2.357E+00	2.585E+02
2.349E+01	2.370E+00	2.761E+02
2.424E+01	2.384E+00	2.324E+02
2.523E+01	2.401E+00	3.859E+02
2.547E+01	2.405E+00	3.242E+02
2.570E+01	2.409E+00	3.305E+02
2.594E+01	2.413E+00	3.369E+02
2.618E+01	2.417E+00	3.434E+02
2.643E+01	2.421E+00	3.501E+02
2.667E+01	2.425E+00	3.569E+02
2.692E+01	2.429E+00	3.638E+02
2.717E+01	2.433E+00	3.709E+02
2.742E+01	2.437E+00	3.781E+02
2.768E+01	2.441E+00	3.854E+02
2.793E+01	2.445E+00	3.929E+02
2.819E+01	2.449E+00	4.005E+02
2.845E+01	2.453E+00	4.082E+02
2.872E+01	2.457E+00	4.161E+02
2.898E+01	2.462E+00	4.242E+02
2.925E+01	2.466E+00	4.324E+02
2.952E+01	2.470E+00	4.408E+02
2.980E+01	2.474E+00	4.493E+02
3.008E+01	2.478E+00	4.580E+02
3.035E+01	2.482E+00	4.669E+02
3.064E+01	2.486E+00	4.759E+02
3.092E+01	2.490E+00	4.851E+02
3.121E+01	2.494E+00	4.945E+02
3.150E+01	2.499E+00	5.041E+02
3.179E+01	2.503E+00	5.138E+02
3.209E+01	2.507E+00	5.237E+02
3.238E+01	2.511E+00	5.339E+02
3.268E+01	2.515E+00	5.442E+02
3.299E+01	2.519E+00	5.547E+02
3.329E+01	2.523E+00	5.654E+02
3.360E+01	2.528E+00	5.763E+02
3.392E+01	2.532E+00	5.874E+02
3.423E+01	2.536E+00	5.988E+02
3.455E+01	2.540E+00	6.103E+02
3.487E+01	2.544E+00	6.221E+02
3.519E+01	2.548E+00	6.341E+02
3.552E+01	2.553E+00	6.463E+02
3.585E+01	2.557E+00	6.588E+02
3.618E+01	2.561E+00	6.715E+02
3.652E+01	2.565E+00	6.844E+02
3.686E+01	2.569E+00	6.976E+02
3.720E+01	2.574E+00	7.111E+02
3.754E+01	2.578E+00	7.248E+02
3.789E+01	2.582E+00	7.387E+02
3.824E+01	2.586E+00	7.530E+02
3.860E+01	2.591E+00	7.675E+02
3.896E+01	2.595E+00	7.822E+02
3.932E+01	2.599E+00	7.973E+02
3.969E+01	2.603E+00	8.126E+02
4.005E+01	2.608E+00	8.283E+02
4.043E+01	2.612E+00	8.442E+02
4.080E+01	2.616E+00	8.604E+02
4.118E+01	2.620E+00	8.770E+02
4.156E+01	2.625E+00	8.938E+02
4.195E+01	2.629E+00	9.110E+02
4.234E+01	2.633E+00	9.285E+02
4.273E+01	2.638E+00	9.464E+02
4.313E+01	2.642E+00	9.646E+02
4.353E+01	2.646E+00	9.831E+02
4.393E+01	2.650E+00	1.002E+03
4.434E+01	2.655E+00	1.021E+03
4.475E+01	2.659E+00	1.041E+03
4.517E+01	2.663E+00	1.061E+03
4.559E+01	2.668E+00	1.081E+03
4.601E+01	2.672E+00	1.102E+03
4.644E+01	2.676E+00	1.123E+03
4.687E+01	2.681E+00	1.145E+03
4.730E+01	2.685E+00	1.167E+03
4.774E+01	2.689E+00	1.189E+03
4.819E+01	2.694E+00	1.212E+03
4.863E+01	2.698E+00	1.235E+03
4.908E+01	2.702E+00	1.259E+03
4.954E+01	2.707E+00	1.283E+03
5.000E+01	2.711E+00	1.307E+03
5.046E+01	2.716E+00	1.332E+03
5.093E+01	2.720E+00	1.358E+03
5.141E+01	2.724E+00	1.384E+03
5.188E+01	2.729E+00	1.411E+03
5.236E+01	2.733E+00	1.438E+03
5.285E+01	2.737E+00	1.465E+03
5.334E+01	2.742E+00	1.493E+03
5.384E+01	2.746E+00	1.522E+03
5.434E+01	2.751E+00	1.551E+03
5.484E+01	2.755E+00	1.580E+03
5.535E+01	2.759E+00	1.611E+03
5.586E+01	2.764E+00	1.642E+03
5.638E+01	2.768E+00	1.673E+03
5.691E+01	2.773E+00	1.705E+03
5.743E+01	2.777E+00	1.738E+03
5.797E+01	2.782E+00	1.771E+03
5.851E+01	2.786E+00	1.805E+03
5.905E+01	2.790E+00	1.839E+03
5.960E+01	2.795E+00	1.874E+03
6.015E+01	2.799E+00	1.910E+03
6.071E+01	2.804E+00	1.947E+03
6.127E+01	2.808E+00	1.984E+03
6.184E+01	2.813E+00	2.022E+03
6.242E+01	2.817E+00	2.060E+03
6.300E+01	2.822E+00	2.100E+03
6.358E+01	2.826E+00	2.140E+03
6.417E+01	2.831E+00	2.181E+03
6.477E+01	2.835E+00	2.222E+03
6.537E+01	2.840E+00	2.265E+03
6.598E+01	2.844E+00	2.308E+03
6.659E+01	2.849E+00	2.352E+03
6.721E+01	2.853E+00	2.397E+03
6.783E+01	2.858E+00	2.442E+03
6.846E+01	2.862E+00	2.489E+03
6.910E+01	2.867E+00	2.536E+03
6.974E+01	2.871E+00	2.585E+03
7.038E+01	2.876E+00	2.634E+03
7.104E+01	2.880E+00	2.684E+03
7.170E+01	2.885E+00	2.736E+03
7.236E+01	2.889E+00	2.788E+03
7.304E+01	2.894E+00	2.841E+03
7.371E+01	2.898E+00	2.895E+03
7.440E+01	2.903E+00	2.950E+03
7.509E+01	2.907E+00	3.006E+03
7.579E+01	2.912E+00	3.064E+03
7.649E+01	2.916E+00	3.122E+03
7.720E+01	2.921E+00	3.181E+03
7.792E+01	2.925E+00	3.242E+03
7.864E+01	2.930E+00	3.304E+03
7.937E+01	2.935E+00	3.366E+03
8.011E+01	2.939E+00	3.431E+03
8.085E+01	2.944E+00	3.496E+03
8.160E+01	2.948E+00	3.562E+03
8.236E+01	2.953E+00	3.630E+03
8.312E+01	2.957E+00	3.699E+03
8.390E+01	2.962E+00	3.770E+03
8.467E+01	2.967E+00	3.841E+03
8.546E+01	2.971E+00	3.914E+03
8.625E+01	2.976E+00	3.989E+03
8.706E+01	2.980E+00	4.064E+03
8.786E+01	2.985E+00	4.142E+03
8.868E+01	2.990E+00	4.220E+03
8.950E+01	2.994E+00	4.301E+03
9.033E+01	2.999E+00	4.382E+03
9.117E+01	3.003E+00	4.466E+03
9.202E+01	3.008E+00	4.550E+03
9.287E+01	3.013E+00	4.637E+03
9.374E+01	3.017E+00	4.725E+03
9.461E+01	3.022E+00	4.815E+03
9.548E+01	3.026E+00	4.906E+03
9.637E+01	3.031E+00	4.999E+03
9.727E+01	3.036E+00	5.094E+03
9.817E+01	3.040E+00	5.191E+03
9.908E+01	3.045E+00	5.289E+03
1.000E+02	3.050E+00	
