1.03646 0.3
1.14716 0.314037
1.276585 0.328142
1.389045 0.342316
1.50283 0.356564
1.613605 0.370887
1.72045 0.38529
1.821495 0.399773
1.925525 0.414341
2.025495 0.428996
2.11406 0.443741
2.198525 0.458579
2.28997 0.473512
2.381025 0.488543
2.460335 0.503676
2.54471 0.518912
2.62751 0.534255
2.702845 0.549707
2.777275 0.565271
2.84989 0.58095
2.920335 0.596747
2.99457 0.612665
3.06518 0.628705
3.127915 0.644872
3.193725 0.661167
3.25874 0.677594
3.32553 0.694155
3.39106 0.710854
3.44988 0.727692
3.50775 0.744674
3.563675 0.7618
3.624025 0.779076
3.682545 0.796502
3.73437 0.814082
3.78646 0.83182
3.842575 0.849717
3.895655 0.867777
3.94157 0.886002
3.99002 0.904395
4.03926 0.92296
4.08657 0.941699
4.134215 0.960615
4.17986 0.979711
4.22201 0.998991
4.263215 1.01846
4.30788 1.03811
4.35081 1.05796
4.387435 1.078
4.42815 1.09824
4.46777 1.11868
4.505895 1.13932
4.544385 1.16017
4.579465 1.18123
4.615125 1.20251
4.649595 1.224
4.685325 1.24571
4.715185 1.26765
4.744775 1.28981
4.778495 1.3122
4.807865 1.33483
4.835575 1.35769
4.86564 1.38079
4.894945 1.40413
4.92418 1.42772
4.949765 1.45156
4.97163 1.47565
4.992335 1.5
