#  d     heat   stress
 0.0  4.09795      0.0
0.01   4.0983 -0.0945098
0.02  4.09871 -0.189318
0.05  4.10106 -0.474708
 0.1  4.10993 -0.958546
0.15  4.12486 -1.46163
 0.2   4.1462 -1.99534
0.25  4.17447 -2.57201
 0.3   4.2102 -3.20755
0.35  4.25424 -3.92134
 0.4  4.30785 -4.73907
0.45  4.37245 -5.69615
 0.5     4.45 -6.84028
0.55  4.54336 -8.24269
 0.6  4.65648 -10.0099
0.65   4.7949 -12.3105
 0.7  4.96684 -15.4291
0.75  5.18569 -19.8854
 0.8  5.47415 -26.7324
0.83  5.69726 -32.8992
0.86  5.97686 -41.8673
0.88  6.20822 -50.4671
 0.9  6.49137 -62.6623
0.92  6.85121 -81.2189
