#      phi       T     U_t
0.3 1.0861 2.2683e-05
0.3037 1.1238 0.0001019
0.30785 1.1662 0.00025163
0.31251 1.2106 0.00047296
0.31774 1.258 0.00078244
0.32361 1.3092 0.001198
0.33019 1.3646 0.0017402
0.33757 1.4246 0.0024312
0.34586 1.4897 0.0032934
0.35515 1.5603 0.0043488
0.36559 1.6368 0.0056168
0.37729 1.7196 0.0071115
0.39042 1.8092 0.0088393
0.40516 1.9059 0.010795
0.42169 2.0101 0.012956
0.44024 2.122 0.015281
0.46105 2.242 0.017705
0.4844 2.3703 0.020132
0.5106 2.5068 0.022441
0.54 2.6494 0.024456
0.57111 2.7916 0.025985
0.60222 2.9276 0.026941
0.63333 3.0561 0.027357
0.66444 3.1778 0.027297
0.69556 3.2929 0.026832
0.72667 3.4022 0.026032
0.75778 3.5058 0.024963
0.78889 3.6043 0.023687
0.82 3.6979 0.022259
0.85111 3.7869 0.020729
0.88222 3.8716 0.019138
0.91333 3.9522 0.017524
0.94444 4.029 0.015917
0.97556 4.1021 0.014343
1.0067 4.1719 0.012821
1.0378 4.2383 0.011368
1.0689 4.3018 0.0099953
1.1 4.3623 0.0087111
1.1311 4.42 0.0075209
1.1622 4.4752 0.0064277
1.1933 4.5278 0.0054318
1.2244 4.5781 0.0045321
1.2556 4.6261 0.0037255
1.2867 4.672 0.0030078
1.3178 4.7158 0.0023738
1.3489 4.7577 0.0018172
1.38 4.7972 0.0013391
1.4089 4.8322 0.00095271
1.4326 4.8611 0.0006611
1.452 4.8844 0.00044467
1.4678 4.9038 0.00028099
1.4808 4.9204 0.00015528
1.4913 4.9357 5.7425e-05
1.5 4.9532 -4.1571e-06
