#      phi       T     U_t
0.3 1.0861 2.3132e-05
0.3037 1.1238 0.00010335
0.30785 1.1662 0.00025406
0.31251 1.2106 0.00047581
0.31774 1.258 0.00078493
0.32361 1.3092 0.0011991
0.33019 1.3646 0.0017385
0.33757 1.4246 0.0024247
0.34586 1.4897 0.0032799
0.35515 1.5603 0.0043254
0.36559 1.6368 0.0055796
0.37729 1.7197 0.0070562
0.39042 1.8093 0.0087603
0.40516 1.906 0.010685
0.42169 2.0101 0.012809
0.44024 2.1221 0.015088
0.46105 2.2421 0.017456
0.4844 2.3703 0.019816
0.5106 2.5069 0.022048
0.54 2.6495 0.023977
0.57111 2.7917 0.025414
0.60222 2.9277 0.02628
0.63333 3.0563 0.02661
0.66444 3.1779 0.026469
0.69556 3.2931 0.025931
0.72667 3.4023 0.025064
0.75778 3.5059 0.023935
0.78889 3.6044 0.022608
0.82 3.698 0.021136
0.85111 3.787 0.01957
0.88222 3.8716 0.017953
0.91333 3.9523 0.01632
0.94444 4.029 0.014702
0.97556 4.1022 0.013124
1.0067 4.1719 0.011606
1.0378 4.2384 0.010165
1.0689 4.3018 0.0088107
1.1 4.3623 0.0075528
1.1311 4.4201 0.0063965
1.1622 4.4752 0.0053447
1.1933 4.5279 0.0043981
1.2244 4.5781 0.0035559
1.2556 4.6261 0.0028156
1.2867 4.672 0.0021736
1.3178 4.7158 0.0016253
1.3489 4.7578 0.0011655
1.38 4.7972 0.00079433
1.4089 4.8322 0.00051784
1.4326 4.8611 0.00032884
1.452 4.8845 0.00020318
1.4678 4.9038 0.00011857
1.4808 4.9204 6.0958e-05
1.4913 4.9357 2.1228e-05
1.5 4.9532 -1.486e-06
