#      phi       T     U_t
0 1.078 0
0.096597 1.0781 0.00030099
0.19045 1.0784 0.00059978
0.28039 1.0789 0.00089545
0.3645 1.0795 0.0011882
0.44371 1.0802 0.0014802
0.51771 1.0812 0.0017724
0.58566 1.0822 0.0020646
0.64878 1.0835 0.0023585
0.70729 1.0849 0.0026547
0.7608 1.0864 0.0029526
0.81041 1.0881 0.0032529
0.85646 1.09 0.0035563
0.89899 1.092 0.0038619
0.93841 1.0942 0.0041689
0.97523 1.0965 0.0044775
1.0097 1.0991 0.0047864
1.0418 1.1018 0.0050936
1.072 1.1046 0.005397
1.1004 1.1077 0.0056959
1.1273 1.1109 0.0059865
1.1528 1.1144 0.0062655
1.1769 1.1181 0.006529
1.1999 1.1219 0.0067716
1.2218 1.126 0.0069883
1.2428 1.1303 0.0071735
1.2629 1.1348 0.0073196
1.2823 1.1395 0.007421
1.3009 1.1444 0.0074697
1.3189 1.1495 0.0074561
1.3363 1.1547 0.0073774
1.3531 1.1602 0.0072232
1.3694 1.1657 0.0069937
1.3853 1.1713 0.0066848
1.4006 1.1769 0.0063003
1.4155 1.1825 0.0058463
1.4301 1.1881 0.0053301
1.4442 1.1934 0.0047704
1.4578 1.1985 0.0041848
1.4711 1.2033 0.0035919
1.484 1.2077 0.0030129
1.4964 1.2116 0.0024663
1.5084 1.215 0.0019634
1.5199 1.2179 0.0015153
1.531 1.2202 0.001121
1.5416 1.222 0.00077741
1.5518 1.2232 0.00047713
1.5615 1.2239 0.00021971
1.5708 1.2243 7.3098e-11
