#      phi       T     U_t
0 1.0777 0
0.096597 1.0778 0.00080293
0.19045 1.078 0.0015974
0.28039 1.0785 0.0023841
0.3645 1.0791 0.0031553
0.44371 1.0799 0.0039429
0.51771 1.0808 0.0047515
0.58566 1.0819 0.0055567
0.64878 1.0831 0.0063931
0.70729 1.0845 0.0072681
0.7608 1.086 0.0081549
0.81041 1.0877 0.0090831
0.85646 1.0895 0.010071
0.89899 1.0915 0.011098
0.93841 1.0937 0.012164
0.97523 1.096 0.013302
1.0097 1.0985 0.014516
1.0418 1.1012 0.015786
1.072 1.104 0.017118
1.1004 1.107 0.018536
1.1273 1.1103 0.020046
1.1528 1.1137 0.021652
1.1769 1.1173 0.023342
1.1999 1.1212 0.025107
1.2218 1.1252 0.026966
1.2428 1.1294 0.028921
1.2629 1.1339 0.030957
1.2823 1.1386 0.033063
1.3009 1.1434 0.035225
1.3189 1.1485 0.037409
1.3363 1.1537 0.039582
1.3531 1.1591 0.041697
1.3694 1.1646 0.043735
1.3853 1.1703 0.04561
1.4006 1.1759 0.047154
1.4155 1.1816 0.048283
1.4301 1.1871 0.049018
1.4442 1.1925 0.049185
1.4578 1.1977 0.048467
1.4711 1.2026 0.047008
1.484 1.207 0.044697
1.4964 1.2111 0.041364
1.5084 1.2146 0.037198
1.5199 1.2175 0.03222
1.531 1.2199 0.026581
1.5416 1.2217 0.020559
1.5518 1.2229 0.014604
1.5615 1.2237 0.0080177
1.5708 1.224 -1.013e-09
