#      phi       T     U_t
0 1.0777 0
0.096597 1.0778 0.00080494
0.19045 1.078 0.0016015
0.28039 1.0785 0.0023906
0.3645 1.0791 0.0031644
0.44371 1.0799 0.0039553
0.51771 1.0808 0.0047681
0.58566 1.0819 0.0055781
0.64878 1.0831 0.0064206
0.70729 1.0845 0.007303
0.7608 1.086 0.0081987
0.81041 1.0877 0.0091376
0.85646 1.0895 0.010139
0.89899 1.0915 0.011181
0.93841 1.0937 0.012266
0.97523 1.096 0.013425
1.0097 1.0985 0.014666
1.0418 1.1012 0.015966
1.072 1.104 0.017335
1.1004 1.107 0.018796
1.1273 1.1103 0.020357
1.1528 1.1137 0.022023
1.1769 1.1173 0.023783
1.1999 1.1212 0.02563
1.2218 1.1252 0.027584
1.2428 1.1294 0.029649
1.2629 1.1339 0.031811
1.2823 1.1386 0.034062
1.3009 1.1434 0.036386
1.3189 1.1485 0.038752
1.3363 1.1537 0.041124
1.3531 1.1591 0.043452
1.3694 1.1646 0.045714
1.3853 1.1703 0.047815
1.4006 1.1759 0.049578
1.4155 1.1816 0.050905
1.4301 1.1871 0.051802
1.4442 1.1925 0.05208
1.4578 1.1977 0.051411
1.4711 1.2026 0.049923
1.484 1.2071 0.047501
1.4964 1.2111 0.043978
1.5084 1.2146 0.039548
1.5199 1.2175 0.034243
1.531 1.2199 0.028231
1.5416 1.2217 0.021799
1.5518 1.223 0.015406
1.5615 1.2237 0.0083931
1.5708 1.224 -8.7621e-10
