#      phi       T     U_t
0.7 1.2302 0.00010282
0.70092 1.2632 0.00035705
0.70196 1.2989 0.00075809
0.70313 1.3355 0.0012604
0.70443 1.3743 0.0018806
0.7059 1.4156 0.002636
0.70755 1.4599 0.0035451
0.70939 1.5074 0.0046266
0.71147 1.5585 0.005898
0.71379 1.6135 0.0073744
0.7164 1.6727 0.0090667
0.71932 1.7363 0.01098
0.7226 1.8045 0.013112
0.72629 1.8777 0.015448
0.73042 1.9562 0.017965
0.73506 2.04 0.020622
0.74026 2.1296 0.023363
0.7461 2.2251 0.026116
0.75265 2.3268 0.028789
0.76 2.4333 0.03124
0.76778 2.54 0.033287
0.77556 2.6429 0.034836
0.78333 2.741 0.035901
0.79111 2.835 0.036528
0.79889 2.9252 0.036764
0.80667 3.0121 0.03665
0.81444 3.0959 0.036227
0.82222 3.177 0.035532
0.83 3.2555 0.0346
0.83778 3.3318 0.033461
0.84556 3.4059 0.032144
0.85333 3.478 0.030677
0.86111 3.5484 0.029084
0.86889 3.617 0.027388
0.87667 3.6842 0.02561
0.88444 3.7499 0.02377
0.89222 3.8143 0.021887
0.9 3.8774 0.019978
0.90778 3.9395 0.01806
0.91556 4.0006 0.01615
0.92333 4.0608 0.014262
0.93111 4.1203 0.012412
0.93889 4.1792 0.010615
0.94667 4.2378 0.008885
0.95444 4.2962 0.0072364
0.96222 4.3549 0.0056838
0.97 4.4136 0.0042664
0.97724 4.4694 0.0030675
0.98316 4.5188 0.002139
0.988 4.562 0.0014453
0.99195 4.6006 0.0009248
0.99519 4.6366 0.00053238
0.99784 4.6721 0.00023449
1 4.7149 5.083e-05
