#      phi       T     U_t
0 4.9555 0
0.055731 4.9552 0.001555
0.10924 4.9543 0.0031295
0.16061 4.9527 0.0046394
0.20968 4.9507 0.0060652
0.25689 4.9483 0.0074242
0.30246 4.9455 0.0087251
0.34656 4.9424 0.0099909
0.38929 4.939 0.011255
0.43076 4.9353 0.012533
0.47121 4.9314 0.013823
0.51077 4.9272 0.015147
0.54951 4.9228 0.016522
0.58752 4.9182 0.017943
0.62485 4.9134 0.019418
0.66155 4.9084 0.020965
0.69768 4.9031 0.022585
0.73325 4.8976 0.024263
0.76829 4.8919 0.026006
0.80282 4.886 0.027824
0.83684 4.8799 0.029712
0.87037 4.8735 0.031659
0.90341 4.867 0.033646
0.93595 4.8602 0.035659
0.968 4.8532 0.037696
0.99954 4.846 0.039737
1.0306 4.8387 0.041747
1.0611 4.8312 0.043691
1.0911 4.8235 0.04553
1.1205 4.8158 0.04722
1.1493 4.808 0.048708
1.1776 4.8002 0.049928
1.2053 4.7924 0.05083
1.2325 4.7847 0.051346
1.2591 4.7772 0.051392
1.2851 4.7699 0.05093
1.3105 4.7628 0.049927
1.3354 4.7561 0.048326
1.3597 4.7498 0.04607
1.3834 4.744 0.043209
1.4065 4.7388 0.039774
1.4289 4.7341 0.035771
1.4509 4.73 0.031287
1.4722 4.7266 0.026419
1.493 4.7238 0.021262
1.5133 4.7217 0.01593
1.533 4.7203 0.010502
1.5521 4.7194 0.0051445
1.5708 4.7191 -3.4659e-19
