#      phi       T     U_t
0 4.9555 0
0.055731 4.9552 0.0013932
0.10924 4.9543 0.0028167
0.16061 4.9527 0.0041908
0.20968 4.9507 0.0054981
0.25689 4.9483 0.0067559
0.30246 4.9455 0.007971
0.34656 4.9424 0.0091643
0.38929 4.939 0.010366
0.43076 4.9353 0.011591
0.47121 4.9314 0.012834
0.51077 4.9272 0.014113
0.54951 4.9228 0.015448
0.58752 4.9182 0.016832
0.62485 4.9134 0.01827
0.66155 4.9084 0.019783
0.69768 4.9031 0.021368
0.73325 4.8976 0.023014
0.76829 4.8919 0.024726
0.80282 4.886 0.026515
0.83684 4.8799 0.028378
0.87037 4.8735 0.030303
0.90341 4.867 0.032272
0.93595 4.8602 0.034273
0.968 4.8532 0.036305
0.99954 4.846 0.038349
1.0306 4.8387 0.040371
1.0611 4.8312 0.042339
1.0911 4.8235 0.044212
1.1205 4.8158 0.04595
1.1493 4.808 0.0475
1.1776 4.8002 0.048795
1.2053 4.7924 0.049785
1.2325 4.7847 0.050401
1.2591 4.7772 0.050557
1.2851 4.7699 0.050212
1.3105 4.7628 0.049328
1.3354 4.7561 0.047846
1.3597 4.7498 0.045704
1.3834 4.744 0.042948
1.4065 4.7388 0.039603
1.4289 4.7341 0.035675
1.4509 4.73 0.031248
1.4722 4.7266 0.026418
1.493 4.7238 0.021283
1.5133 4.7217 0.015957
1.533 4.7203 0.010526
1.5521 4.7194 0.0051574
1.5708 4.7191 -4.4436e-19
