2.0000e-03 1.2455e-01 -3.7626e-07
2.5379e-03 1.2443e-01 -6.0530e-07
3.2205e-03 1.2428e-01 -9.7350e-07
4.0867e-03 1.2409e-01 -1.5652e-06
5.1859e-03 1.2385e-01 -2.5154e-06
6.5807e-03 1.2354e-01 -4.0404e-06
8.3506e-03 1.2316e-01 -6.4856e-06
1.0597e-02 1.2268e-01 -1.0402e-05
1.3447e-02 1.2208e-01 -1.6666e-05
1.7063e-02 1.2132e-01 -2.6667e-05
2.1653e-02 1.2039e-01 -4.2599e-05
2.7476e-02 1.1924e-01 -6.7907e-05
3.4867e-02 1.1782e-01 -1.0794e-04
4.4244e-02 1.1611e-01 -1.7076e-04
5.6144e-02 1.1405e-01 -2.6819e-04
7.1245e-02 1.1160e-01 -4.1297e-04
9.0407e-02 1.0874e-01 -6.2127e-04
1.1472e-01 1.0546e-01 -9.2302e-04
1.4558e-01 1.0175e-01 -1.3493e-03
1.8473e-01 9.7619e-02 -1.9109e-03
2.3442e-01 9.3086e-02 -2.6011e-03
2.9747e-01 8.8174e-02 -3.3949e-03
3.7748e-01 8.2928e-02 -4.2734e-03
4.7901e-01 7.7394e-02 -5.1668e-03
6.0784e-01 7.1641e-02 -6.0178e-03
7.7132e-01 6.5748e-02 -6.7542e-03
9.7878e-01 5.9815e-02 -7.3288e-03
1.2420e+00 5.3930e-02 -7.6895e-03
1.5761e+00 4.8227e-02 -7.8650e-03
2.0000e+00 4.2698e-02 -7.7483e-03
