2.0000e-03 1.2445e-01 -4.8448e-07
2.5379e-03 1.2430e-01 -7.7920e-07
3.2205e-03 1.2411e-01 -1.2528e-06
4.0867e-03 1.2388e-01 -2.0135e-06
5.1859e-03 1.2358e-01 -3.2345e-06
6.5807e-03 1.2321e-01 -5.1925e-06
8.3506e-03 1.2273e-01 -8.3289e-06
1.0597e-02 1.2214e-01 -1.3346e-05
1.3447e-02 1.2140e-01 -2.1359e-05
1.7063e-02 1.2048e-01 -3.4127e-05
2.1653e-02 1.1934e-01 -5.4419e-05
2.7476e-02 1.1793e-01 -8.6558e-05
3.4867e-02 1.1620e-01 -1.3722e-04
4.4244e-02 1.1411e-01 -2.1647e-04
5.6144e-02 1.1160e-01 -3.3897e-04
7.1245e-02 1.0864e-01 -5.2508e-04
9.0407e-02 1.0521e-01 -7.9721e-04
1.1472e-01 1.0131e-01 -1.1677e-03
1.4558e-01 9.6951e-02 -1.6497e-03
1.8473e-01 9.2196e-02 -2.2385e-03
2.3442e-01 8.7106e-02 -2.9074e-03
2.9747e-01 8.1753e-02 -3.5781e-03
3.7748e-01 7.6216e-02 -4.1932e-03
4.7901e-01 7.0568e-02 -4.6978e-03
6.0784e-01 6.4886e-02 -5.0568e-03
7.7132e-01 5.9233e-02 -5.2330e-03
9.7878e-01 5.3687e-02 -5.2432e-03
1.2420e+00 4.8295e-02 -5.0936e-03
1.5761e+00 4.3154e-02 -4.8404e-03
2.0000e+00 3.8300e-02 -4.5033e-03
