0.00000e+00 -3.34164e+00 -2.90549e+01
1.00000e-01 -3.34110e+00 -2.88840e+01
2.00000e-01 -3.34556e+00 -2.82062e+01
3.00000e-01 -3.34591e+00 -2.72692e+01
4.00000e-01 -3.33962e+00 -2.59438e+01
5.00000e-01 -3.31922e+00 -2.43683e+01
6.00000e-01 -3.28292e+00 -2.25325e+01
7.00000e-01 -3.20741e+00 -2.06057e+01
8.00000e-01 -3.10264e+00 -1.85649e+01
9.00000e-01 -2.94191e+00 -1.65183e+01
1.00000e+00 -2.73687e+00 -1.44380e+01
1.10000e+00 -2.45422e+00 -1.24000e+01
1.20000e+00 -2.10983e+00 -1.04209e+01
1.30000e+00 -1.68602e+00 -8.51180e+00
1.40000e+00 -1.18543e+00 -6.67579e+00
1.50000e+00 -5.91264e-01 -4.94030e+00
1.60000e+00 1.06750e-01 -3.29728e+00
1.70000e+00 8.97978e-01 -1.74070e+00
1.80000e+00 1.79519e+00 -2.74918e-01
1.90000e+00 2.79610e+00 1.10544e+00
2.00000e+00 3.91311e+00 2.40426e+00
2.10000e+00 5.14844e+00 3.62406e+00
2.20000e+00 6.50257e+00 4.77059e+00
2.30000e+00 7.97847e+00 5.85090e+00
2.40000e+00 9.57748e+00 6.86455e+00
2.50000e+00 1.13118e+01 7.81703e+00
2.60000e+00 1.31766e+01 8.71233e+00
2.70000e+00 1.51541e+01 9.56352e+00
2.80000e+00 1.73076e+01 1.03518e+01
2.90000e+00 1.95245e+01 1.11141e+01
3.00000e+00 2.19504e+01 1.18261e+01
3.10000e+00 2.45096e+01 1.24982e+01
3.20000e+00 2.71678e+01 1.31395e+01
3.30000e+00 3.00071e+01 1.37366e+01
3.40000e+00 3.29808e+01 1.43101e+01
3.50000e+00 3.60763e+01 1.48615e+01
3.60000e+00 3.93765e+01 1.53645e+01
3.70000e+00 4.27907e+01 1.58574e+01
3.80000e+00 4.63029e+01 1.63258e+01
3.90000e+00 5.00690e+01 1.67686e+01
4.00000e+00 5.39425e+01 1.71863e+01
4.10000e+00 5.79241e+01 1.75958e+01
4.20000e+00 6.20531e+01 1.79901e+01
4.30000e+00 6.63807e+01 1.83585e+01
4.40000e+00 7.08438e+01 1.87134e+01
4.50000e+00 7.54639e+01 1.90527e+01
4.60000e+00 8.01866e+01 1.93824e+01
4.70000e+00 8.51948e+01 1.96842e+01
4.80000e+00 9.02556e+01 1.99856e+01
4.90000e+00 9.53715e+01 2.02749e+01
5.00000e+00 1.00721e+02 2.05679e+01
5.10000e+00 1.06111e+02 2.08509e+01
5.20000e+00 1.11485e+02 2.11459e+01
5.30000e+00 1.16705e+02 2.14827e+01
5.40000e+00 1.21653e+02 2.19259e+01
