0.00000000e+00 3.82370455e-01 3.82370455e-01 -1.91185228e-01 7.64740910e-01 -1.91185228e-01 7.64740912e-01
1.00000000e-01 3.57053017e-01 3.87412189e-01 -1.87702765e-01 7.47633631e-01 -1.91290606e-01 7.69993397e-01
2.00000000e-01 2.81091636e-01 4.02750550e-01 -1.77337680e-01 6.96520489e-01 -1.91533292e-01 7.85817148e-01
3.00000000e-01 1.54480073e-01 4.29023244e-01 -1.60349634e-01 6.12033172e-01 -1.91693480e-01 8.12410214e-01
4.00000000e-01 -2.27191230e-02 4.67286486e-01 -1.37212171e-01 4.95244369e-01 -1.91406802e-01 8.50100117e-01
5.00000000e-01 -2.50263937e-01 5.19005839e-01 -1.08668195e-01 3.47699965e-01 -1.90167163e-01 8.99340084e-01
6.00000000e-01 -5.27582572e-01 5.86042825e-01 -7.57975768e-02 1.71454276e-01 -1.87330609e-01 9.60704080e-01
7.00000000e-01 -8.53595719e-01 6.70640590e-01 -4.00884511e-02 -3.08726791e-02 -1.82120153e-01 1.03488080e+00
8.00000000e-01 -1.22651708e+00 7.75404446e-01 -3.50521959e-03 -2.56064604e-01 -1.73631340e-01 1.12266730e+00
9.00000000e-01 -1.64367118e+00 9.03284137e-01 3.14547288e-02 -5.00230330e-01 -1.60838522e-01 1.22496120e+00
1.00000000e+00 -2.10131226e+00 1.05755081e+00 6.17181632e-02 -7.58788579e-01 -1.42601751e-01 1.34275436e+00
1.10000000e+00 -2.59453197e+00 1.24177680e+00 8.36099289e-02 -1.02641882e+00 -1.17673848e-01 1.47712462e+00
1.20000000e+00 -3.11715321e+00 1.45981233e+00 9.28480555e-02 -1.29706854e+00 -8.47081607e-02 1.62922882e+00
1.30000000e+00 -3.66172419e+00 1.71576360e+00 8.45550061e-02 -1.56391640e+00 -4.22662857e-02 1.80029613e+00
1.40000000e+00 -4.21953198e+00 2.01396981e+00 5.32756280e-02 -1.81943999e+00 1.11742449e-02 1.99162109e+00
1.50000000e+00 -4.78067511e+00 2.35898217e+00 -6.97499622e-03 -2.05539209e+00 7.72120361e-02 2.20455817e+00
1.60000000e+00 -5.33413690e+00 2.75554187e+00 -1.02682182e-01 -2.26287314e+00 1.57513974e-01 2.44051400e+00
1.70000000e+00 -5.86791635e+00 3.20856031e+00 -2.40768030e-01 -2.43236719e+00 2.53808006e-01 2.70094437e+00
1.80000000e+00 -6.36912923e+00 3.72309905e+00 -4.28543109e-01 -2.55379665e+00 3.67875636e-01 2.98734765e+00
1.90000000e+00 -6.82412985e+00 4.30435181e+00 -6.73661452e-01 -2.61658085e+00 5.01545324e-01 3.30126102e+00
2.00000000e+00 -7.21862921e+00 4.95762727e+00 -9.84057293e-01 -2.60968888e+00 6.56685806e-01 3.64425565e+00
2.10000000e+00 -7.53780852e+00 5.68833267e+00 -1.36790546e+00 -2.52169247e+00 8.35199625e-01 4.01793340e+00
2.20000000e+00 -7.76641401e+00 6.50195934e+00 -1.83357267e+00 -2.34082889e+00 1.03901862e+00 4.42392226e+00
2.30000000e+00 -7.88883899e+00 7.40406916e+00 -2.38958077e+00 -2.05503527e+00 1.27009719e+00 4.86387482e+00
2.40000000e+00 -7.88920900e+00 8.40028161e+00 -3.04456524e+00 -1.65200695e+00 1.53040906e+00 5.33946353e+00
2.50000000e+00 -7.75143995e+00 9.49626309e+00 -3.80724889e+00 -1.11922978e+00 1.82194205e+00 5.85237901e+00
2.60000000e+00 -7.45931204e+00 1.06977167e+01 -4.68641189e+00 -4.44018978e-01 2.14669443e+00 6.40432777e+00
2.70000000e+00 -6.99648613e+00 1.20103731e+01 -5.69086531e+00 3.86445017e-01 2.50667219e+00 6.99702858e+00
2.80000000e+00 -6.34659326e+00 1.34399824e+01 -6.82943618e+00 1.38508501e+00 2.90388493e+00 7.63221250e+00
2.90000000e+00 -5.49321420e+00 1.49923070e+01 -8.11094561e+00 2.56491651e+00 3.34034402e+00 8.31161901e+00
3.00000000e+00 -4.41995227e+00 1.66731155e+01 -9.54419407e+00 3.93900347e+00 3.81805995e+00 9.03699557e+00
3.10000000e+00 -3.11043450e+00 1.84881773e+01 -1.11379558e+01 5.52045995e+00 4.33904077e+00 9.81009568e+00
3.20000000e+00 -1.54832554e+00 2.04432577e+01 -1.29009603e+01 7.32241701e+00 4.90528995e+00 1.06326778e+01
3.30000000e+00 2.82630427e-01 2.25441135e+01 -1.48418899e+01 9.35801667e+00 5.51880477e+00 1.15065039e+01
3.40000000e+00 2.39863698e+00 2.47964901e+01 -1.69693721e+01 1.16403982e+01 6.18157601e+00 1.24333381e+01
3.50000000e+00 4.81580050e+00 2.72061182e+01 -1.92919737e+01 1.41826908e+01 6.89558587e+00 1.34149464e+01
3.60000000e+00 7.55013747e+00 2.97787113e+01 -2.18181988e+01 1.69980000e+01 7.66280795e+00 1.44530952e+01
3.70000000e+00 1.06175622e+01 3.25199636e+01 -2.45564853e+01 2.00993930e+01 8.48520638e+00 1.55495508e+01
3.80000000e+00 1.40338988e+01 3.54355484e+01 -2.75151999e+01 2.34999112e+01 9.36473487e+00 1.67060787e+01
3.90000000e+00 1.78148509e+01 3.85311168e+01 -3.07026448e+01 2.72125428e+01 1.03033369e+01 1.79244429e+01
4.00000000e+00 2.19760103e+01 4.18122965e+01 -3.41270476e+01 3.12502379e+01 1.13029454e+01 1.92064057e+01
4.10000000e+00 2.65328827e+01 4.52846913e+01 -3.77965697e+01 3.56258907e+01 1.23654821e+01 2.05537269e+01
4.20000000e+00 3.15008679e+01 4.89538801e+01 -4.17193008e+01 4.03523555e+01 1.34928581e+01 2.19681640e+01
4.30000000e+00 3.68952386e+01 5.28254172e+01 -4.59032638e+01 4.54424364e+01 1.46869732e+01 2.34514708e+01
4.40000000e+00 4.27311851e+01 5.69048316e+01 -5.03564133e+01 5.09088563e+01 1.59497166e+01 2.50053984e+01
4.50000000e+00 4.90238114e+01 6.11976270e+01 -5.50866371e+01 5.67643099e+01 1.72829663e+01 2.66316943e+01
4.60000000e+00 5.57880755e+01 6.57092820e+01 -6.01017600e+01 6.30214452e+01 1.86885898e+01 2.83321024e+01
4.70000000e+00 6.30388600e+01 7.04452510e+01 -6.54095436e+01 6.96927984e+01 2.01684439e+01 3.01083631e+01
4.80000000e+00 7.07909470e+01 7.54109645e+01 -7.10176896e+01 7.67909098e+01 2.17243752e+01 3.19622142e+01
4.90000000e+00 7.90590889e+01 8.06118319e+01 -7.69338376e+01 8.43282387e+01 2.33582202e+01 3.38953917e+01
5.00000000e+00 8.78579343e+01 8.60532460e+01 -8.31655726e+01 9.23172676e+01 2.50718064e+01 3.59096333e+01
5.10000000e+00 9.72018742e+01 9.17405946e+01 -8.97204284e+01 1.00770205e+02 2.68669536e+01 3.80066874e+01
5.20000000e+00 1.07104179e+02 9.76792868e+01 -9.66059008e+01 1.09698788e+02 2.87454781e+01 4.01883305e+01
5.30000000e+00 1.17574775e+02 1.03874817e+02 -1.03829462e+02 1.19113107e+02 3.07092041e+01 4.24564084e+01
5.40000000e+00 1.28614866e+02 1.10332899e+02 -1.11398624e+02 1.29018973e+02 3.27599890e+01 4.48129212e+01
5.50000000e+00 1.40205569e+02 1.17059761e+02 -1.19321093e+02 1.39412609e+02 3.48997836e+01 4.72601941e+01
5.60000000e+00 1.52285085e+02 1.24062730e+02 -1.27605097e+02 1.50270173e+02 3.71307610e+01 4.98012083e+01
5.70000000e+00 1.64705724e+02 1.31351376e+02 -1.36260080e+02 1.61528079e+02 3.94555785e+01 5.24402192e+01
5.80000000e+00 1.77156528e+02 1.38939657e+02 -1.45298102e+02 1.73048476e+02 4.18778893e+01 5.51838782e+01
5.90000000e+00 1.89028921e+02 1.46849812e+02 -1.54736579e+02 1.84559922e+02 4.44033031e+01 5.80432061e+01
6.00000000e+00 1.99190851e+02 1.55119234e+02 -1.64603305e+02 1.95559912e+02 4.70411251e+01 6.10369831e+01
