0.00000e+00 3.92343e+00 -6.24012e-01 -7.79933e-02
1.00000e-01 3.91520e+00 -6.20732e-01 -8.03043e-02
2.00000e-01 3.88589e+00 -6.09214e-01 -9.29451e-02
3.00000e-01 3.84243e+00 -5.91976e-01 -1.07354e-01
4.00000e-01 3.78473e+00 -5.68817e-01 -1.23777e-01
5.00000e-01 3.71106e+00 -5.38809e-01 -1.39906e-01
6.00000e-01 3.62691e+00 -5.04123e-01 -1.58613e-01
7.00000e-01 3.52440e+00 -4.61676e-01 -1.78099e-01
8.00000e-01 3.41650e+00 -4.14472e-01 -1.98253e-01
9.00000e-01 3.29843e+00 -3.62671e-01 -2.18760e-01
1.00000e+00 3.17590e+00 -3.07458e-01 -2.37340e-01
1.10000e+00 3.04472e+00 -2.47520e-01 -2.55316e-01
1.20000e+00 2.91261e+00 -1.84197e-01 -2.71135e-01
1.30000e+00 2.77521e+00 -1.18914e-01 -2.85059e-01
1.40000e+00 2.63472e+00 -5.11816e-02 -2.96811e-01
1.50000e+00 2.49291e+00 1.87199e-02 -3.07108e-01
1.60000e+00 2.34992e+00 8.97411e-02 -3.15000e-01
1.70000e+00 2.20497e+00 1.61862e-01 -3.20950e-01
1.80000e+00 2.06048e+00 2.34452e-01 -3.25110e-01
1.90000e+00 1.91562e+00 3.07292e-01 -3.27665e-01
2.00000e+00 1.77282e+00 3.80239e-01 -3.28851e-01
2.10000e+00 1.62989e+00 4.52845e-01 -3.28701e-01
2.20000e+00 1.48928e+00 5.25489e-01 -3.27699e-01
2.30000e+00 1.35039e+00 5.96925e-01 -3.25383e-01
2.40000e+00 1.21293e+00 6.67394e-01 -3.22189e-01
2.50000e+00 1.07717e+00 7.37590e-01 -3.18631e-01
2.60000e+00 9.44106e-01 8.06533e-01 -3.14344e-01
2.70000e+00 8.12805e-01 8.73855e-01 -3.09401e-01
2.80000e+00 6.83982e-01 9.40219e-01 -3.04169e-01
2.90000e+00 5.57851e-01 1.00556e+00 -2.98723e-01
3.00000e+00 4.33446e-01 1.06873e+00 -2.92790e-01
3.10000e+00 3.11602e-01 1.13102e+00 -2.86759e-01
3.20000e+00 1.92262e-01 1.19170e+00 -2.80690e-01
3.30000e+00 7.65515e-02 1.25130e+00 -2.74569e-01
3.40000e+00 -3.81520e-02 1.30907e+00 -2.68276e-01
3.50000e+00 -1.49521e-01 1.36548e+00 -2.62001e-01
3.60000e+00 -2.58967e-01 1.42002e+00 -2.55642e-01
3.70000e+00 -3.65746e-01 1.47395e+00 -2.49573e-01
3.80000e+00 -4.70016e-01 1.52596e+00 -2.43467e-01
3.90000e+00 -5.72291e-01 1.57641e+00 -2.37345e-01
4.00000e+00 -6.72063e-01 1.62566e+00 -2.31387e-01
4.10000e+00 -7.68676e-01 1.67364e+00 -2.25608e-01
4.20000e+00 -8.63825e-01 1.71998e+00 -2.19828e-01
4.30000e+00 -9.56474e-01 1.76517e+00 -2.14264e-01
4.40000e+00 -1.04673e+00 1.80928e+00 -2.08764e-01
4.50000e+00 -1.13439e+00 1.85234e+00 -2.03476e-01
4.60000e+00 -1.22153e+00 1.89350e+00 -1.98198e-01
4.70000e+00 -1.30451e+00 1.93417e+00 -1.93159e-01
4.80000e+00 -1.38653e+00 1.97221e+00 -1.88096e-01
4.90000e+00 -1.46552e+00 2.01054e+00 -1.83380e-01
5.00000e+00 -1.54436e+00 2.04916e+00 -1.78918e-01
5.10000e+00 -1.62007e+00 2.08650e+00 -1.74630e-01
5.20000e+00 -1.69398e+00 2.12461e+00 -1.70764e-01
5.30000e+00 -1.76614e+00 2.16583e+00 -1.67623e-01
5.40000e+00 -1.83930e+00 2.21544e+00 -1.65781e-01
