0.00000e+00 3.51038e+00 3.50835e+00 -5.78911e-04
1.00000e-01 3.50490e+00 3.50287e+00 -5.77217e-04
2.00000e-01 3.48859e+00 3.48788e+00 -2.03266e-04
3.00000e-01 3.46202e+00 3.46121e+00 -2.33087e-04
4.00000e-01 3.42601e+00 3.42649e+00 1.40647e-04
5.00000e-01 3.38161e+00 3.38179e+00 5.59716e-05
6.00000e-01 3.33000e+00 3.33077e+00 2.31113e-04
7.00000e-01 3.27245e+00 3.27159e+00 -2.62780e-04
8.00000e-01 3.21019e+00 3.21022e+00 1.20876e-05
9.00000e-01 3.14436e+00 3.14339e+00 -3.08785e-04
1.00000e+00 3.07604e+00 3.07533e+00 -2.30909e-04
1.10000e+00 3.00615e+00 3.00541e+00 -2.45593e-04
1.20000e+00 2.93548e+00 2.93534e+00 -4.61686e-05
1.30000e+00 2.86470e+00 2.86450e+00 -6.87926e-05
1.40000e+00 2.79434e+00 2.79433e+00 -4.89715e-06
1.50000e+00 2.72485e+00 2.72533e+00 1.77578e-04
1.60000e+00 2.65655e+00 2.65714e+00 2.23120e-04
1.70000e+00 2.58971e+00 2.59024e+00 2.03800e-04
1.80000e+00 2.52451e+00 2.52449e+00 -8.13218e-06
1.90000e+00 2.46108e+00 2.46109e+00 4.22221e-06
2.00000e+00 2.39952e+00 2.39938e+00 -5.58792e-05
2.10000e+00 2.33986e+00 2.34015e+00 1.24456e-04
2.20000e+00 2.28214e+00 2.28222e+00 3.48365e-05
2.30000e+00 2.22635e+00 2.22639e+00 2.10859e-05
2.40000e+00 2.17247e+00 2.17239e+00 -3.82520e-05
2.50000e+00 2.12047e+00 2.12108e+00 2.89121e-04
2.60000e+00 2.07031e+00 2.07118e+00 4.18542e-04
2.70000e+00 2.02194e+00 2.02202e+00 4.16517e-05
2.80000e+00 1.97530e+00 1.97618e+00 4.45099e-04
2.90000e+00 1.93035e+00 1.93067e+00 1.65479e-04
3.00000e+00 1.88701e+00 1.88754e+00 2.79414e-04
3.10000e+00 1.84523e+00 1.84494e+00 -1.57545e-04
3.20000e+00 1.80495e+00 1.80515e+00 1.10732e-04
3.30000e+00 1.76610e+00 1.76620e+00 5.33079e-05
3.40000e+00 1.72864e+00 1.72891e+00 1.58264e-04
3.50000e+00 1.69250e+00 1.69272e+00 1.32197e-04
3.60000e+00 1.65762e+00 1.65776e+00 7.88525e-05
3.70000e+00 1.62396e+00 1.62419e+00 1.41000e-04
3.80000e+00 1.59147e+00 1.59168e+00 1.31856e-04
3.90000e+00 1.56008e+00 1.56030e+00 1.38606e-04
4.00000e+00 1.52976e+00 1.53003e+00 1.77401e-04
4.10000e+00 1.50045e+00 1.50071e+00 1.73219e-04
4.20000e+00 1.47212e+00 1.47266e+00 3.62066e-04
4.30000e+00 1.44473e+00 1.44499e+00 1.78816e-04
4.40000e+00 1.41822e+00 1.41846e+00 1.64996e-04
4.50000e+00 1.39258e+00 1.39302e+00 3.17688e-04
4.60000e+00 1.36774e+00 1.36808e+00 2.41318e-04
4.70000e+00 1.34370e+00 1.34376e+00 4.51726e-05
4.80000e+00 1.32040e+00 1.32034e+00 -4.66267e-05
4.90000e+00 1.29783e+00 1.29769e+00 -1.08871e-04
5.00000e+00 1.27594e+00 1.27630e+00 2.77508e-04
5.10000e+00 1.25472e+00 1.25539e+00 5.28372e-04
5.20000e+00 1.23416e+00 1.23552e+00 1.10254e-03
5.30000e+00 1.21426e+00 1.21740e+00 2.58441e-03
5.40000e+00 1.19512e+00 1.20331e+00 6.85113e-03
