0.00000000e+00 3.82370455e-01 7.64740910e-01 -1.91185227e-01 0.00000000e+00 0.00000000e+00 0.00000000e+00
1.00000000e-01 3.72230352e-01 7.47635865e-01 -1.87700524e-01 -5.06036610e-03 -7.45225600e-03 1.19695580e-03
2.00000000e-01 3.41883104e-01 6.96558436e-01 -1.77299715e-01 -2.02849199e-02 -2.97486492e-02 4.74875832e-03
3.00000000e-01 2.91542958e-01 6.12242154e-01 -1.60140678e-01 -4.58036008e-02 -6.66995092e-02 1.05407498e-02
4.00000000e-01 2.21551777e-01 4.95976311e-01 -1.36480387e-01 -8.18302407e-02 -1.17959936e-01 1.83900591e-02
5.00000000e-01 1.32367170e-01 3.49703408e-01 -1.06664093e-01 -1.28656907e-01 -1.82989610e-01 2.80569685e-02
6.00000000e-01 2.45435558e-02 1.76140010e-01 -7.11116332e-02 -1.86645627e-01 -2.61000553e-01 3.92600701e-02
7.00000000e-01 -1.01265410e-01 -2.10881158e-02 -3.03021659e-02 -2.56214292e-01 -3.50902107e-01 5.16938844e-02
8.00000000e-01 -2.44316378e-01 -2.37304668e-01 1.52515747e-02 -3.37822493e-01 -4.51239708e-01 6.50464453e-02
9.00000000e-01 -4.03759226e-01 -4.66667029e-01 6.50197768e-02 -4.31951024e-01 -5.60146572e-01 7.90156086e-02
1.00000000e+00 -5.78614031e-01 -7.02051648e-01 1.18451419e-01 -5.39085134e-01 -6.75298532e-01 9.33220600e-02
1.10000000e+00 -7.67789033e-01 -9.35006895e-01 1.75018846e-01 -6.59698776e-01 -7.93887930e-01 1.07721701e-01
1.20000000e+00 -9.70024610e-01 -1.15571614e+00 2.34194452e-01 -7.94237403e-01 -9.12609620e-01 1.22006695e-01
1.30000000e+00 -1.18389621e+00 -1.35300456e+00 2.95466670e-01 -9.43117447e-01 -1.02766429e+00 1.36012343e-01
1.40000000e+00 -1.40783403e+00 -1.51438843e+00 3.58327026e-01 -1.10670553e+00 -1.13477386e+00 1.49615501e-01
1.50000000e+00 -1.64009290e+00 -1.62614356e+00 4.22271430e-01 -1.28533215e+00 -1.22920655e+00 1.62715021e-01
1.60000000e+00 -1.87876734e+00 -1.67340306e+00 4.86787834e-01 -1.47927271e+00 -1.30580794e+00 1.75251757e-01
1.70000000e+00 -2.12179122e+00 -1.64025463e+00 5.51344186e-01 -1.68877504e+00 -1.35905848e+00 1.87191412e-01
1.80000000e+00 -2.36694995e+00 -1.50986324e+00 6.15391775e-01 -1.91402506e+00 -1.38307850e+00 1.98495603e-01
1.90000000e+00 -2.61189580e+00 -1.26457316e+00 6.78349025e-01 -2.15518957e+00 -1.37171445e+00 2.09164351e-01
2.00000000e+00 -2.85415129e+00 -8.86036034e-01 7.39595019e-01 -2.41241156e+00 -1.31858244e+00 2.19154162e-01
2.10000000e+00 -3.09112187e+00 -3.55311547e-01 7.98476515e-01 -2.68578066e+00 -1.21704558e+00 2.28467014e-01
2.20000000e+00 -3.32010121e+00 3.47044483e-01 8.54297696e-01 -2.97537909e+00 -1.06030732e+00 2.37083336e-01
2.30000000e+00 -3.53829089e+00 1.24087191e+00 9.06322976e-01 -3.28123946e+00 -8.41450648e-01 2.44949741e-01
2.40000000e+00 -3.74280022e+00 2.34632920e+00 9.53772468e-01 -3.60343237e+00 -5.53457756e-01 2.52039613e-01
2.50000000e+00 -3.93065644e+00 3.68383927e+00 9.95818125e-01 -3.94195746e+00 -1.89178277e-01 2.58286761e-01
2.60000000e+00 -4.09881732e+00 5.27400343e+00 1.03161218e+00 -4.29684466e+00 2.58549836e-01 2.63633996e-01
2.70000000e+00 -4.24417187e+00 7.13755888e+00 1.06024777e+00 -4.66804769e+00 7.96970071e-01 2.67969953e-01
2.80000000e+00 -4.36354872e+00 9.29532613e+00 1.08080586e+00 -5.05559042e+00 1.43327311e+00 2.71211369e-01
2.90000000e+00 -4.45371529e+00 1.17681737e+01 1.09231825e+00 -5.45941841e+00 2.17473159e+00 2.73230292e-01
3.00000000e+00 -4.51140038e+00 1.45769872e+01 1.09378713e+00 -5.87950035e+00 3.02866028e+00 2.73916871e-01
3.10000000e+00 -4.53329302e+00 1.77426210e+01 1.08420583e+00 -6.31580799e+00 4.00217968e+00 2.73051795e-01
3.20000000e+00 -4.51601721e+00 2.12859009e+01 1.06252174e+00 -6.76824096e+00 5.10253840e+00 2.70535950e-01
3.30000000e+00 -4.45619048e+00 2.52275851e+01 1.02768071e+00 -7.23679093e+00 6.33699648e+00 2.66245469e-01
3.40000000e+00 -4.35039188e+00 2.95883523e+01 9.78586092e-01 -7.72140396e+00 7.71254759e+00 2.59866787e-01
3.50000000e+00 -4.19514576e+00 3.43887996e+01 9.14133695e-01 -8.22199821e+00 9.23637468e+00 2.51280246e-01
3.60000000e+00 -3.98698443e+00 3.96494113e+01 8.33212044e-01 -8.73840445e+00 1.09156533e+01 2.40306142e-01
3.70000000e+00 -3.72241127e+00 4.53905597e+01 7.34685178e-01 -9.27062138e+00 1.27571634e+01 2.26626825e-01
3.80000000e+00 -3.39788023e+00 5.16325184e+01 6.17406835e-01 -9.81857996e+00 1.47680165e+01 2.10106673e-01
3.90000000e+00 -3.00988208e+00 5.83954053e+01 4.80215219e-01 -1.03822468e+01 1.69550817e+01 1.90357194e-01
4.00000000e+00 -2.55485337e+00 6.56992411e+01 3.21957618e-01 -1.09613730e+01 1.93252792e+01 1.67349037e-01
4.10000000e+00 -2.02923697e+00 7.35639073e+01 1.41452863e-01 -1.15559752e+01 2.18853531e+01 1.40664129e-01
4.20000000e+00 -1.42942749e+00 8.20091644e+01 -6.24946788e-02 -1.21659764e+01 2.46422326e+01 1.10083327e-01
4.30000000e+00 -7.51881124e-01 9.10546437e+01 -2.91057734e-01 -1.27910828e+01 2.76024224e+01 7.53363576e-02
4.40000000e+00 7.02410972e-03 1.00719845e+02 -5.45422188e-01 -1.34313597e+01 3.07726733e+01 3.61707762e-02
4.50000000e+00 8.50886761e-01 1.11024152e+02 -8.26798546e-01 -1.40866789e+01 3.41597032e+01 -7.73011155e-03
4.60000000e+00 1.78330244e+00 1.21986819e+02 -1.13637098e+00 -1.47570113e+01 3.77699274e+01 -5.66231184e-02
4.70000000e+00 2.80789277e+00 1.33626974e+02 -1.47536159e+00 -1.54419583e+01 4.16100111e+01 -1.10792959e-01
4.80000000e+00 3.92825175e+00 1.45963615e+02 -1.84496871e+00 -1.61417143e+01 4.56863464e+01 -1.70568908e-01
4.90000000e+00 5.14801072e+00 1.59015701e+02 -2.24640562e+00 -1.68560387e+01 5.00053393e+01 -2.36275494e-01
5.00000000e+00 6.47085370e+00 1.72801995e+02 -2.68082252e+00 -1.75847402e+01 5.45735563e+01 -3.08143501e-01
5.10000000e+00 7.90030209e+00 1.87341157e+02 -3.14946794e+00 -1.83277853e+01 5.93971447e+01 -3.86522218e-01
5.20000000e+00 9.43935231e+00 2.02651161e+02 -3.65353412e+00 -1.90852917e+01 6.44823442e+01 -4.71624027e-01
5.30000000e+00 1.10895143e+01 2.18748393e+02 -4.19414253e+00 -1.98578009e+01 6.98345439e+01 -5.63841327e-01
5.40000000e+00 1.28478026e+01 2.35645039e+02 -4.77257154e+00 -2.06477003e+01 7.54580706e+01 -6.63488883e-01
5.50000000e+00 1.47015446e+01 2.53343743e+02 -5.38995760e+00 -2.14604717e+01 8.13535362e+01 -7.70949975e-01
5.60000000e+00 1.66169390e+01 2.71827138e+02 -6.04812905e+00 -2.23090369e+01 8.75150454e+01 -8.86625359e-01
5.70000000e+00 1.85182129e+01 2.91038383e+02 -6.74977675e+00 -2.32210326e+01 9.39227994e+01 -1.01173665e+00
5.80000000e+00 2.02501811e+01 3.10846390e+02 -7.50021132e+00 -2.42522013e+01 1.00531637e+02 -1.14850938e+00
5.90000000e+00 2.15130537e+01 3.30986199e+02 -8.31026298e+00 -2.55093235e+01 1.07250684e+02 -1.30161954e+00
6.00000000e+00 2.17541685e+01 3.50960764e+02 -9.20237962e+00 -2.71882134e+01 1.13907988e+02 -1.48110174e+00
